([[0, 0, 0], [0, 0, 0], [0, 0, 0]], [[None, None, None], [None, None, None], [None, None, None]])
[[[0, 0, 0, 0], [0, 0, 0, 0], [0, 0, 0, 0]], [[0, 0, 0, 0], [0, 0, 0, 0], [0, 0, 0, 0]], [[0, 0, 0, 0], [0, 0, 0, 0], [0, 0, 0, 0]]]
Q [[[0, 0, 0, 0], [0, 0, 0, 0], [0, 0.0, 0, 0]], [[0, 0, 0, 0], [0, 0, 0, 0], [0, 0, 0, 0]], [[0, 0, 0, 0], [0, 0, 0, 0], [0, 0, 0, 0]]]
Q [[[0, 0, 0, 0], [0, 0, 0, 0], [0, 0.0, 0, 0]], [[0, 0, 0, 0], [0, 0, 0, 0], [0, 0, 0.0, 0]], [[0, 0, 0, 0], [0, 0, 0, 0], [0, 0, 0, 0]]]
Q [[[0, 0, 0, 0], [0, 0, 0, 0], [0, 0.0, 0, 0]], [[0, 0, 0, 0], [0, 0, 0.0, 0], [0, 0, 0.0, 0]], [[0, 0, 0, 0], [0, 0, 0, 0], [0, 0, 0, 0]]]
Q [[[0, 0, 0, 0], [0, 0, 0, 0], [0, 0.0, 0, 0]], [[0, 0.0, 0, 0], [0, 0, 0.0, 0], [0, 0, 0.0, 0]], [[0, 0, 0, 0], [0, 0, 0, 0], [0, 0, 0, 0]]]
Q [[[0, 0, 0, 0], [0, 0, 0, 0], [0, 0.0, 0, 0]], [[0, 0.0, 0, 0], [0, 0, 0.0, 0], [0, 0, 0.0, 0]], [[0.0, 0, 0, 0], [0, 0, 0, 0], [0, 0, 0, 0]]]
Q [[[0, 0, 0, 0], [0, 0, 0, 0], [0, 0.0, 0, 0]], [[0.0, 0.0, 0, 0], [0, 0, 0.0, 0], [0, 0, 0.0, 0]], [[0.0, 0, 0, 0], [0, 0, 0, 0], [0, 0, 0, 0]]]
Q [[[0, 0.0, 0, 0], [0, 0, 0, 0], [0, 0.0, 0, 0]], [[0.0, 0.0, 0, 0], [0, 0, 0.0, 0], [0, 0, 0.0, 0]], [[0.0, 0, 0, 0], [0, 0, 0, 0], [0, 0, 0, 0]]]
Q [[[0, 0.0, 0, 0], [0, 0, 0, 0], [0, 0.0, 0, 0]], [[0.0, 0.0, 0, 0], [0, 0, 0.0, 0], [0, 0, 0.0, 0]], [[0.0, 0, 0, 0], [0, 0, 0, 0], [0, 0, 0, 0]]]
Q [[[0, 0.0, 0, 0], [0, 0, 0, 0], [0, 0.0, 0, 0]], [[0.0, 0.0, 0, 0], [0, 0, 0.0, 0], [0, 0, 0.0, 0]], [[0.0, 0, 0, 2.0], [0, 0, 0, 0], [0, 0, 0, 0]]]
Q [[[0, 0.0, 0, 0], [0, 0, 0, 0], [0, 0.0, 0, 0]], [[0.0, 0.0, 0, 0], [0, 0, 0.0, 0], [0, 0, 0.0, 0]], [[0.0, 0, 0, 2.0], [0, 0, 0, 0.0], [0, 0, 0, 0]]]
Q [[[0, 0.0, 0, 0], [0, 0, 0, 0], [0, 0.0, 0, 0]], [[0.0, 0.0, 0, 0], [0, 0, 0.0, 0], [0, 0, 0.0, 0]], [[0.0, 0, 0, 2.0], [0, 0, 0, 0.0], [0, 0, 2.0, 0]]]
Q [[[0, 0.0, 0, 0], [0, 0, 0, 0], [0, 0.0, 0, 0]], [[0.0, 0.0, 0, 0], [0, 0, 0.0, 0], [0, 0, 0.0, 0]], [[0.0, 0, 0, 2.0], [0.0, 0, 0, 0.0], [0, 0, 2.0, 0]]]
Q [[[0, 0.0, 0, 0], [0, 0, 0, 0], [0, 0.0, 0, 0]], [[0.0, 0.0, 0, 0], [0, 0.0, 0.0, 0], [0, 0, 0.0, 0]], [[0.0, 0, 0, 2.0], [0.0, 0, 0, 0.0], [0, 0, 2.0, 0]]]
Q [[[0, 0.0, 0, 0], [0, 0, 0, 0], [0, 0.0, 0, 0]], [[0.0, 0.0, 0, 0], [0, 0.0, 0.0, 0], [0, 0, 0.0, 0]], [[0.0, 0, 0, 2.0], [0.0, 0, 0, 0.8], [0, 0, 2.0, 0]]]
Q [[[0, 0.0, 0, 0], [0, 0, 0, 0], [0, 0.0, 0, 0]], [[0.0, 0.0, 0, 0], [0, 0.0, 0.0, 0], [0, 0, 0.0, 0]], [[0.0, 0, 0, 2.0], [0.0, 0, 0, 0.8], [0, 0, 1.32, 0]]]
Q [[[0, 0.0, 0, 0], [0, 0, 0, 0], [0, 0.0, 0, 0]], [[0.0, 0.0, 0, 0], [0, 0.0, 0.0, 0], [0, 0, 0.0, 0]], [[0.0, 0, 0, 2.0], [0.0, 0, 0, 0.8], [0, 0, 1.32, 0]]]
Q [[[0, 0.0, 0, 0], [0, 0, 0, 0], [0, 0.0, 0, 0]], [[0.0, 0.0, 0, 0], [0.0, 0.0, 0.0, 0], [0, 0, 0.0, 0]], [[0.0, 0, 0, 2.0], [0.0, 0, 0, 0.8], [0, 0, 1.32, 0]]]
Q [[[0, 0.0, 0, 0], [0, 0, 0.0, 0], [0, 0.0, 0, 0]], [[0.0, 0.0, 0, 0], [0.0, 0.0, 0.0, 0], [0, 0, 0.0, 0]], [[0.0, 0, 0, 2.0], [0.0, 0, 0, 0.8], [0, 0, 1.32, 0]]]
Q [[[0, 0.0, 0, 0], [0, 0, 0.0, 0], [0, 0.0, 0, 0]], [[0.0, 0.0, 0, 0], [0.0, 0.0, 0.0, 0], [0, 0, 0.0, 0]], [[0.0, 0, 0, 2.0], [0.0, 0, 0, 0.8], [0, 0, 1.32, 0]]]
Q [[[0, 0.0, 0, 0], [0, 0, 0.0, 0], [0, 0.0, 0, 0]], [[0.0, 0.8, 0, 0], [0.0, 0.0, 0.0, 0], [0, 0, 0.0, 0]], [[0.0, 0, 0, 2.0], [0.0, 0, 0, 0.8], [0, 0, 1.32, 0]]]
qerror is 7.0224
reward is [[{0: None, 1: 0, 2: None, 3: 0}, {0: None, 1: 0, 2: 0, 3: 0}, {0: None, 1: 0, 2: 0, 3: None}], [{0: 0, 1: 0, 2: None, 3: 0}, {0: 0, 1: 0, 2: 0, 3: 0}, {0: 0, 1: 0, 2: 0, 3: None}], [{0: 0, 1: None, 2: None, 3: 2}, {0: 0, 1: None, 2: 0, 3: 0}, {0: 0, 1: None, 2: 1, 3: None}]]
Q [[[0, 0.0, 0, 0], [0, 0, 0.0, 0], [0, 0.0, 0, 0]], [[0.0, 0.8, 0, 0], [0.0, 0.0, 0.0, 0], [0, 0, 0.0, 0]], [[0.0, 0, 0, 2.0], [0.0, 0, 0, -0.472], [0, 0, 1.32, 0]]]
Q [[[0, 0.0, 0, 0], [0, 0, 0.0, 0], [0, 0.0, 0, 0]], [[0.0, 0.8, 0, 0], [0.0, 0.0, 0.0, 0], [0, 0, 0.0, 0]], [[0.0, 0, 0, 2.0], [0.0, 0, 0, -0.472], [0, 0, 2.0, 0]]]
Q [[[0, 0.0, 0, 0], [0, 0, 0.0, 0], [0, 0.0, 0, 0]], [[0.0, 0.8, 0, 0], [0.0, 0.0, 0.0, 0], [0, 0, 0.0, 0]], [[0.0, 0, 0, 2.0], [0.0, 0, 0, -1.2], [0, 0, 2.0, 0]]]
Q [[[0, 0.0, 0, 0], [0, 0, 0.0, 0], [0, 0.0, 0, 0]], [[0.0, 0.8, 0, 0], [0.0, 0.0, 0.0, 0], [0, 0, 0.0, 0]], [[0.0, 0, 0, 2.0], [0.0, 0, 0, -1.2], [0, 0, 2.0, 0]]]
Q [[[0, 0.0, 0, 0], [0, 0, 0.0, 0], [0, 0.0, 0, 0]], [[0.0, 0.8, 0, 0], [0.0, 0.0, 0.0, 0], [0, 0, 0.0, 0]], [[0.0, 0, 0, 2.0], [0.0, 0, -0.19999999999999996, -1.2], [0, 0, 2.0, 0]]]
Q [[[0, 0.0, 0, 0], [0, 0, 0.0, 0], [0, 0.0, 0, 0]], [[0.0, 0.8, 0, 0], [0.0, 0.0, 0.0, 0], [0, 0, 0.0, 0]], [[0.0, 0, 0, -2.0], [0.0, 0, -0.19999999999999996, -1.2], [0, 0, 2.0, 0]]]
Q [[[0, 0.0, 0, 0], [0, 0, 0.0, 0], [0, 0.0, 0, 0]], [[0.0, 0.8, 0, 0], [0.0, 0.0, 0.0, 0], [0, 0, 0.0, 0]], [[0.0, 0, 0, -2.0], [0.0, 0, 2.0, -1.2], [0, 0, 2.0, 0]]]
Q [[[0, 0.0, 0, 0], [0, 0, 0.0, 0], [0, 0.0, 0, 0]], [[0.0, 0.8, 0, 0], [0.0, 0.0, 0.0, 0], [0, 0, 0.0, 0]], [[0.32000000000000006, 0, 0, -2.0], [0.0, 0, 2.0, -1.2], [0, 0, 2.0, 0]]]
Q [[[0, 0.0, 0, 0], [0, 0, 0.0, 0], [0, 0.0, 0, 0]], [[0.0, 0.8, 0, 0.0], [0.0, 0.0, 0.0, 0], [0, 0, 0.0, 0]], [[0.32000000000000006, 0, 0, -2.0], [0.0, 0, 2.0, -1.2], [0, 0, 2.0, 0]]]
Q [[[0, 0.0, 0, 0], [0, 0, 0.0, 0], [0, 0.0, 0, 0]], [[0.0, 0.8, 0, 0.0], [0.0, 0.0, 0.0, 0.0], [0, 0, 0.0, 0]], [[0.32000000000000006, 0, 0, -2.0], [0.0, 0, 2.0, -1.2], [0, 0, 2.0, 0]]]
Q [[[0, 0.0, 0, 0], [0, 0, 0.0, 0], [0, 0.0, 0, 0]], [[0.0, 0.8, 0, 0.0], [0.0, 0.0, 0.0, 0.0], [0, 0.8, 0.0, 0]], [[0.32000000000000006, 0, 0, -2.0], [0.0, 0, 2.0, -1.2], [0, 0, 2.0, 0]]]
Q [[[0, 0.0, 0, 0], [0, 0, 0.0, 0], [0, 0.0, 0, 0]], [[0.0, 0.8, 0, 0.0], [0.0, 0.0, 0.0, 0.0], [0, 0.8, 0.0, 0]], [[0.32000000000000006, 0, 0, -2.0], [0.0, 0, 2.0, -1.2], [0.32000000000000006, 0, 2.0, 0]]]
Q [[[0, 0.0, 0, 0], [0, 0, 0.0, 0], [0, 0.0, 0, 0]], [[0.0, 0.8, 0, 0.0], [0.0, 0.0, 0.0, 0.0], [0, 0.8, 0.0, 0]], [[0.32000000000000006, 0, 0, -2.0], [0.0, 0, 2.0, -1.2], [0.32000000000000006, 0, 2.0, 0]]]
Q [[[0, 0.0, 0, 0], [0, 0, 0.0, 0], [0, 0.0, 0, 0]], [[0.0, 0.8, 0, 0.0], [0.0, 0.8, 0.0, 0.0], [0, 0.8, 0.0, 0]], [[0.32000000000000006, 0, 0, -2.0], [0.0, 0, 2.0, -1.2], [0.32000000000000006, 0, 2.0, 0]]]
Q [[[0, 0.0, 0, 0], [0, 0, 0.0, 0], [0, 0.0, 0, 0]], [[0.0, 0.8, 0, 0.0], [0.0, 0.8, 0.0, 0.0], [0, 0.8, 0.0, 0]], [[0.32000000000000006, 0, 0, -2.0], [0.32000000000000006, 0, 2.0, -1.2], [0.32000000000000006, 0, 2.0, 0]]]
Q [[[0, 0.0, 0, 0], [0, 0, 0.0, 0], [0, 0.0, 0, 0]], [[0.0, 0.8, 0, 0.0], [0.0, 0.8, 0.0, 0.0], [0, 0.8, 0.0, 0]], [[0.32000000000000006, 0, 0, -2.0], [0.32000000000000006, 0, 2.0, -1.2], [0.32000000000000006, 0, 2.0, 0]]]
Q [[[0, 0.0, 0, 0], [0, 0, 0.0, 0], [0, 0.0, 0, 0]], [[0.0, 0.8, 0, 0.0], [0.0, 0.8, 0.0, 0.0], [0, 0.8, 0.0, 0]], [[0.32000000000000006, 0, 0, -2.0], [0.32000000000000006, 0, 1.1280000000000001, -1.2], [0.32000000000000006, 0, 2.0, 0]]]
Q [[[0, 0.0, 0, 0], [0, 0, 0.0, 0], [0, 0.0, 0, 0]], [[0.0, 0.8, 0, 0.0], [0.0, 0.8, 0.0, 0.0], [0, 0.8, 0.0, 0]], [[0.32000000000000006, 0, 0, -1.5488], [0.32000000000000006, 0, 1.1280000000000001, -1.2], [0.32000000000000006, 0, 2.0, 0]]]
Q [[[0, 0.0, 0, 0], [0, 0, 0.0, 0], [0, 0.0, 0, 0]], [[0.0, 0.8, 0, 0.0], [0.0, 0.8, 0.0, 0.0], [0, 0.8, 0.0, 0]], [[0.32000000000000006, 0, 0, -1.5488], [0.32000000000000006, 0, 1.1280000000000001, -1.2], [0.32000000000000006, 0, 2.0, 0]]]
Q [[[0, 0.0, 0, 0], [0, 0, 0.0, 0], [0, 0.0, 0, 0]], [[0.0, 0.8, 0, 0.0], [0.0, 0.8, 0.0, 0.0], [0, 0.8, 0.0, 0]], [[0.32000000000000006, 0, 0, -1.5488], [0.32000000000000006, 0, 1.1280000000000001, -1.2], [0.32000000000000006, 0, 2.0, 0]]]
qerror is 19.91596544
reward is [[{0: None, 1: 0, 2: None, 3: 0}, {0: None, 1: 0, 2: 0, 3: 0}, {0: None, 1: 0, 2: 0, 3: None}], [{0: 0, 1: 0, 2: None, 3: 0}, {0: 0, 1: 0, 2: 0, 3: 0}, {0: 0, 1: 0, 2: 0, 3: None}], [{0: 0, 1: None, 2: None, 3: -2}, {0: 0, 1: None, 2: 1, 3: -2}, {0: 0, 1: None, 2: 2, 3: None}]]
Q [[[0, 0.0, 0, 0], [0, 0, 0.0, 0], [0, 0.0, 0, 0]], [[0.0, 0.8, 0, 0.0], [0.0, 0.8, 0.0, 0.0], [0, 0.8, 0.0, 0]], [[0.32000000000000006, 0, 0, -1.5488], [0.32000000000000006, 0, 1.1280000000000001, -1.2], [0.32000000000000006, 0, 2.0, 0]]]
Q [[[0, 0.0, 0, 0], [0, 0, 0.0, 0], [0, 0.0, 0, 0]], [[0.0, 0.12800000000000003, 0, 0.0], [0.0, 0.8, 0.0, 0.0], [0, 0.8, 0.0, 0]], [[0.32000000000000006, 0, 0, -1.5488], [0.32000000000000006, 0, 1.1280000000000001, -1.2], [0.32000000000000006, 0, 2.0, 0]]]
Q [[[0, 0.0, 0, 0], [0, 0, 0.0, 0], [0, 0.0, 0, 0]], [[0.0, 0.12800000000000003, 0, 0.0], [0.0, 0.8, 0.0, 0.0], [0, 0.8, 0.0, 0]], [[0.32000000000000006, 0, 0, 0.45120000000000005], [0.32000000000000006, 0, 1.1280000000000001, -1.2], [0.32000000000000006, 0, 2.0, 0]]]
Q [[[0, 0.0, 0, 0], [0, 0, 0.0, 0], [0, 0.0, 0, 0]], [[0.0, 0.12800000000000003, 0, 0.0], [0.0, 0.8, 0.0, 0.0], [0, 0.8, 0.0, 0]], [[0.32000000000000006, 0, 0, 0.45120000000000005], [0.32000000000000006, 0, 2.18048, -1.2], [0.32000000000000006, 0, 2.0, 0]]]
Q [[[0, 0.0, 0, 0], [0, 0, 0.0, 0], [0, 0.0, 0, 0]], [[0.0, 0.12800000000000003, 0, 0.0], [0.0, 0.8, 0.0, 0.0], [0, 0.8, 0.0, 0]], [[0.32000000000000006, 0, 0, -0.12780799999999992], [0.32000000000000006, 0, 2.18048, -1.2], [0.32000000000000006, 0, 2.0, 0]]]
Q [[[0, 0.0, 0, 0], [0, 0, 0.0, 0], [0, 0.0, 0, 0]], [[0.0, 0.12800000000000003, 0, 0.0], [0.0, 0.8, 0.0, 0.0], [0, 0.8, 0.0, 0]], [[0.32000000000000006, 0, 0, -0.12780799999999992], [0.32000000000000006, 0, 2.18048, 0.8], [0.32000000000000006, 0, 2.0, 0]]]
Q [[[0, 0.0, 0, 0], [0, 0, 0.0, 0], [0, 0.0, 0, 0]], [[0.0, 0.12800000000000003, 0, 0.0], [0.0, 0.8, 0.0, 0.0], [0, 0.8, 0.0, 0]], [[0.32000000000000006, 0, 0, -0.12780799999999992], [0.32000000000000006, 0, 2.18048, 0.8], [0.32000000000000006, 0, 2.872192, 0]]]
Q [[[0, 0.0, 0, 0], [0, 0, 0.0, 0], [0, 0.0, 0, 0]], [[0.0, 0.12800000000000003, 0, 0.0], [0.0, 0.8, 0.0, 0.0], [0, 0.8, 0.0, 0]], [[0.32000000000000006, 0, 0, -0.12780799999999992], [0.32000000000000006, 0, 1.1280000000000001, 0.8], [0.32000000000000006, 0, 2.872192, 0]]]
Q [[[0, 0.0, 0, 0], [0, 0, 0.0, 0], [0, 0.0, 0, 0]], [[0.0, 0.12800000000000003, 0, 0.0], [0.0, 0.8, 0.0, 0.0], [0, 0.8, 0.0, 0]], [[0.051200000000000016, 0, 0, -0.12780799999999992], [0.32000000000000006, 0, 1.1280000000000001, 0.8], [0.32000000000000006, 0, 2.872192, 0]]]
Q [[[0, 0.0, 0, 0], [0, 0, 0.0, 0], [0, 0.0, 0, 0]], [[0.0, 0.12800000000000003, 0, 0.32000000000000006], [0.0, 0.8, 0.0, 0.0], [0, 0.8, 0.0, 0]], [[0.051200000000000016, 0, 0, -0.12780799999999992], [0.32000000000000006, 0, 1.1280000000000001, 0.8], [0.32000000000000006, 0, 2.872192, 0]]]
Q [[[0, 0.0, 0, 0], [0, 0, 0.0, 0], [0, 0.0, 0, 0]], [[0.0, 0.12800000000000003, 0, 0.32000000000000006], [0.0, 0.8, -0.872, 0.0], [0, 0.8, 0.0, 0]], [[0.051200000000000016, 0, 0, -0.12780799999999992], [0.32000000000000006, 0, 1.1280000000000001, 0.8], [0.32000000000000006, 0, 2.872192, 0]]]
Q [[[0, 0.0, 0, 0], [0, 0, 0.0, 0], [0, 0.0, 0, 0]], [[0.0, 0.12800000000000003, 0, 0.32000000000000006], [0.0, 0.8, -0.872, 0.0], [0, 0.8, 0.0, 0]], [[0.051200000000000016, 0, 0, -0.12780799999999992], [0.32000000000000006, 0, 1.1280000000000001, 0.8], [0.32000000000000006, 0, 2.872192, 0]]]
Q [[[0, 0.0, 0, 0], [0, 0, 0.0, 0], [0, 0.0, 0, 0]], [[0.0, 0.12800000000000003, 0, 0.32000000000000006], [0.0, 0.45120000000000005, -0.872, 0.0], [0, 0.8, 0.0, 0]], [[0.051200000000000016, 0, 0, -0.12780799999999992], [0.32000000000000006, 0, 1.1280000000000001, 0.8], [0.32000000000000006, 0, 2.872192, 0]]]
Q [[[0, 0.0, 0, 0], [0, 0, 0.0, 0], [0, 0.0, 0, 0]], [[0.0, 0.12800000000000003, 0, 0.32000000000000006], [0.0, 0.45120000000000005, -0.872, 0.0], [0, 0.8, 0.0, 0]], [[0.051200000000000016, 0, 0, -0.12780799999999992], [0.18048000000000003, 0, 1.1280000000000001, 0.8], [0.32000000000000006, 0, 2.872192, 0]]]
Q [[[0, 0.0, 0, 0], [0, 0, 0.0, 0], [0, 0.0, 0, 0]], [[0.0, 0.12800000000000003, 0, 0.32000000000000006], [0.0, 0.45120000000000005, -0.872, 0.0], [0, 0.8, 0.0, 0]], [[0.051200000000000016, 0, 0, -0.12780799999999992], [0.18048000000000003, 0, 1.1280000000000001, 0.8], [0.32000000000000006, 0, 2.872192, 0]]]
Q [[[0, 0.0, 0, 0], [0, 0, 0.0, 0.0], [0, 0.0, 0, 0]], [[0.0, 0.12800000000000003, 0, 0.32000000000000006], [0.0, 0.45120000000000005, -0.872, 0.0], [0, 0.8, 0.0, 0]], [[0.051200000000000016, 0, 0, -0.12780799999999992], [0.18048000000000003, 0, 1.1280000000000001, 0.8], [0.32000000000000006, 0, 2.872192, 0]]]
Q [[[0, 0.0, 0, 0], [0, 0, 0.0, 0.0], [0, 0.0, 0.0, 0]], [[0.0, 0.12800000000000003, 0, 0.32000000000000006], [0.0, 0.45120000000000005, -0.872, 0.0], [0, 0.8, 0.0, 0]], [[0.051200000000000016, 0, 0, -0.12780799999999992], [0.18048000000000003, 0, 1.1280000000000001, 0.8], [0.32000000000000006, 0, 2.872192, 0]]]
Q [[[0, 0.0, 0, 0], [0, 0.18048000000000003, 0.0, 0.0], [0, 0.0, 0.0, 0]], [[0.0, 0.12800000000000003, 0, 0.32000000000000006], [0.0, 0.45120000000000005, -0.872, 0.0], [0, 0.8, 0.0, 0]], [[0.051200000000000016, 0, 0, -0.12780799999999992], [0.18048000000000003, 0, 1.1280000000000001, 0.8], [0.32000000000000006, 0, 2.872192, 0]]]
Q [[[0, 0.0, 0, 0], [0, 0.18048000000000003, 0.0, 0.0], [0, 0.0, 0.0, 0]], [[0.0, 0.12800000000000003, 0, 0.32000000000000006], [0.07219200000000002, 0.45120000000000005, -0.872, 0.0], [0, 0.8, 0.0, 0]], [[0.051200000000000016, 0, 0, -0.12780799999999992], [0.18048000000000003, 0, 1.1280000000000001, 0.8], [0.32000000000000006, 0, 2.872192, 0]]]
Q [[[0, 0.0, 0, 0], [0, 0.18048000000000003, 0.0, 0.0], [0, 0.0, 0.0, 0]], [[0.0, 0.12800000000000003, 0, 0.32000000000000006], [0.07219200000000002, 0.45120000000000005, -0.872, 0.0], [0, 0.8, 0.0, 0]], [[0.051200000000000016, 0, 0, -0.12780799999999992], [0.18048000000000003, 0, 1.1280000000000001, 0.8], [0.32000000000000006, 0, 2.872192, 0]]]
qerror is 8.34547057459
reward is [[{0: None, 1: 0, 2: None, 3: 0}, {0: None, 1: 0, 2: 0, 3: 0}, {0: None, 1: 0, 2: 0, 3: None}], [{0: 0, 1: 0, 2: None, 3: 0}, {0: 0, 1: 0, 2: -1, 3: 0}, {0: 0, 1: 0, 2: 0, 3: None}], [{0: 0, 1: None, 2: None, 3: -1}, {0: 0, 1: None, 2: 1, 3: 0}, {0: 0, 1: None, 2: 2, 3: None}]]
Q [[[0, 0.0, 0, 0], [0, 0.18048000000000003, 0.0, 0.0], [0, 0.0, 0.0, 0]], [[0.0, 0.12800000000000003, 0, 0.32000000000000006], [0.07219200000000002, 0.45120000000000005, -0.872, 0.0], [0, 0.8, 0.0, 0]], [[0.051200000000000016, 0, 0, -0.12780799999999992], [0.18048000000000003, 0, 1.1280000000000001, 0.8], [0.32000000000000006, 0, 2.872192, 0]]]
Q [[[0, 0.0, 0, 0], [0, 0.18048000000000003, 0.0, 0.0], [0, 0.0, 0.0, 0]], [[0.0, 0.12800000000000003, 0, 0.32000000000000006], [0.07219200000000002, 0.45120000000000005, -0.872, 0.0], [0, 1.1488768, 0.0, 0]], [[0.051200000000000016, 0, 0, -0.12780799999999992], [0.18048000000000003, 0, 1.1280000000000001, 0.8], [0.32000000000000006, 0, 2.872192, 0]]]
Q [[[0, 0.0, 0, 0], [0, 0.18048000000000003, 0.0, 0.0], [0, 0.0, 0.0, 0]], [[0.0, 0.12800000000000003, 0, 0.32000000000000006], [0.07219200000000002, 0.45120000000000005, -0.872, 0.0], [0, 1.1488768, 0.0, 0]], [[0.051200000000000016, 0, 0, -0.12780799999999992], [0.18048000000000003, 0, 1.1280000000000001, 0.8], [0.32000000000000006, 0, 0.45120000000000005, 0]]]
Q [[[0, 0.0, 0, 0], [0, 0.18048000000000003, 0.0, 0.0], [0, 0.0, 0.0, 0]], [[0.0, 0.12800000000000003, 0, 0.32000000000000006], [0.07219200000000002, 0.45120000000000005, -0.872, 0.0], [0, 1.1488768, 0.0, 0]], [[0.051200000000000016, 0, 0, -0.12780799999999992], [0.18048000000000003, 0, 1.1280000000000001, 0.8], [0.32000000000000006, 0, 0.45120000000000005, 0]]]
Q [[[0, 0.0, 0, 0], [0, 0.18048000000000003, 0.0, 0.0], [0, 0.0, 0.0, 0]], [[0.0, 0.12800000000000003, 0, 0.32000000000000006], [0.07219200000000002, 0.45120000000000005, -0.872, 0.0], [0, 1.1488768, 0.0, 0]], [[0.051200000000000016, 0, 0, -0.12780799999999992], [0.18048000000000003, 0, 1.1280000000000001, 0.8], [0.32000000000000006, 0, 0.45120000000000005, 0]]]
Q [[[0, 0.0, 0, 0], [0, 0.18048000000000003, 0.0, 0.0], [0, 0.0, 0.0, 0]], [[0.0, 0.12800000000000003, 0, 0.32000000000000006], [0.07219200000000002, 0.45120000000000005, -0.872, 0.0], [0, 1.1488768, 0.0, 0]], [[0.051200000000000016, 0, 0, -0.12780799999999992], [0.18048000000000003, 0, 0.02048000000000001, 0.8], [0.32000000000000006, 0, 0.45120000000000005, 0]]]
Q [[[0, 0.0, 0, 0], [0, 0.18048000000000003, 0.0, 0.0], [0, 0.0, 0.0, 0]], [[0.0, 0.12800000000000003, 0, 0.32000000000000006], [0.07219200000000002, 0.45120000000000005, -0.872, 0.0], [0, 1.1488768, 0.0, 0]], [[0.051200000000000016, 0, 0, -1.68], [0.18048000000000003, 0, 0.02048000000000001, 0.8], [0.32000000000000006, 0, 0.45120000000000005, 0]]]
Q [[[0, 0.0, 0, 0], [0, 0.18048000000000003, 0.0, 0.0], [0, 0.0, 0.0, 0]], [[0.0, 0.12800000000000003, 0, 0.32000000000000006], [0.07219200000000002, 0.45120000000000005, -0.872, 0.0], [0, 1.1488768, 0.0, 0]], [[0.051200000000000016, 0, 0, -1.68], [0.18048000000000003, 0, 0.02048000000000001, -0.81952], [0.32000000000000006, 0, 0.45120000000000005, 0]]]
Q [[[0, 0.0, 0, 0], [0, 0.18048000000000003, 0.0, 0.0], [0, 0.0, 0.0, 0]], [[0.0, 0.12800000000000003, 0, 0.32000000000000006], [0.07219200000000002, 0.45120000000000005, -0.872, 0.0], [0, 1.1488768, 0.0, 0]], [[0.051200000000000016, 0, 0, -1.68], [0.18048000000000003, 0, 0.02048000000000001, -0.81952], [0.32000000000000006, 0, 2.072192, 0]]]
Q [[[0, 0.0, 0, 0], [0, 0.18048000000000003, 0.0, 0.0], [0, 0.0, 0.0, 0]], [[0.0, 0.12800000000000003, 0, 0.32000000000000006], [0.07219200000000002, 0.45120000000000005, -0.872, 0.0], [0, 1.1488768, 0.0, 0]], [[0.051200000000000016, 0, 0, -1.68], [0.18048000000000003, 0, 0.02048000000000001, -1.1711232], [0.32000000000000006, 0, 2.072192, 0]]]
Q [[[0, 0.0, 0, 0], [0, 0.18048000000000003, 0.0, 0.0], [0, 0.0, 0.0, 0]], [[0.0, 0.12800000000000003, 0, 0.32000000000000006], [0.07219200000000002, 0.45120000000000005, -0.872, 0.0], [0, 1.1488768, 0.0, 0]], [[0.051200000000000016, 0, 0, -1.68], [0.18048000000000003, 0, 0.02048000000000001, -1.1711232], [0.45955072, 0, 2.072192, 0]]]
Q [[[0, 0.0, 0, 0], [0, 0.18048000000000003, 0.0, 0.0], [0, 0.0, 0.0, 0]], [[0.0, 0.12800000000000003, 0, 0.32000000000000006], [0.07219200000000002, 0.45120000000000005, -0.872, 0.0], [0, 0.8288768, 0.0, 0]], [[0.051200000000000016, 0, 0, -1.68], [0.18048000000000003, 0, 0.02048000000000001, -1.1711232], [0.45955072, 0, 2.072192, 0]]]
Q [[[0, 0.0, 0, 0], [0, 0.18048000000000003, 0.0, 0.0], [0, 0.0, 0.0, 0]], [[0.0, 0.12800000000000003, 0, 0.32000000000000006], [0.07219200000000002, 0.45120000000000005, -0.872, 0.0], [0, 0.8288768, 0.0, 0]], [[0.051200000000000016, 0, 0, -1.68], [0.18048000000000003, 0, 0.02048000000000001, -1.1711232], [0.33155072, 0, 2.072192, 0]]]
Q [[[0, 0.0, 0, 0], [0, 0.18048000000000003, 0.0, 0.0], [0, 0.0, 0.0, 0]], [[0.0, 0.12800000000000003, 0, 0.32000000000000006], [0.07219200000000002, 0.45120000000000005, -0.872, 0.0], [0, 0.8288768, 0.18048000000000003, 0]], [[0.051200000000000016, 0, 0, -1.68], [0.18048000000000003, 0, 0.02048000000000001, -1.1711232], [0.33155072, 0, 2.072192, 0]]]
Q [[[0, 0.0, 0, 0], [0, 0.18048000000000003, 0.0, 0.0], [0, 0.0, 0.0, 0]], [[0.0, 0.12800000000000003, 0, 0.32000000000000006], [0.07219200000000002, 0.45120000000000005, -0.872, 0.33155072], [0, 0.8288768, 0.18048000000000003, 0]], [[0.051200000000000016, 0, 0, -1.68], [0.18048000000000003, 0, 0.02048000000000001, -1.1711232], [0.33155072, 0, 2.072192, 0]]]
Q [[[0, 0.0, 0, 0], [0, 0.18048000000000003, 0.0, 0.0], [0, 0.0, 0.0, 0]], [[0.0, 0.12800000000000003, 0, 0.32000000000000006], [0.07219200000000002, 0.45120000000000005, -0.872, 0.33155072], [0.0, 0.8288768, 0.18048000000000003, 0]], [[0.051200000000000016, 0, 0, -1.68], [0.18048000000000003, 0, 0.02048000000000001, -1.1711232], [0.33155072, 0, 2.072192, 0]]]
Q [[[0, 0.0, 0, 0], [0, 0.18048000000000003, 0.0, 0.0], [0, 0.33155072, 0.0, 0]], [[0.0, 0.12800000000000003, 0, 0.32000000000000006], [0.07219200000000002, 0.45120000000000005, -0.872, 0.33155072], [0.0, 0.8288768, 0.18048000000000003, 0]], [[0.051200000000000016, 0, 0, -1.68], [0.18048000000000003, 0, 0.02048000000000001, -1.1711232], [0.33155072, 0, 2.072192, 0]]]
Q [[[0, 0.0, 0, 0], [0, 0.18048000000000003, 0.0, 0.0], [0, 0.33155072, 0.0, 0]], [[0.0, 0.12800000000000003, 0, 0.32000000000000006], [0.07219200000000002, 0.45120000000000005, -0.872, 0.33155072], [0.0, 0.8288768, 0.18048000000000003, 0]], [[0.051200000000000016, 0, 0, -1.68], [0.18048000000000003, 0, 0.02048000000000001, -1.1711232], [0.33155072, 0, 2.072192, 0]]]
Q [[[0, 0.0, 0, 0], [0, 0.18048000000000003, 0.0, 0.0], [0, 0.33155072, 0.0, 0]], [[0.0, 0.12800000000000003, 0, 0.32000000000000006], [0.07219200000000002, 0.45120000000000005, 0.12800000000000003, 0.33155072], [0.0, 0.8288768, 0.18048000000000003, 0]], [[0.051200000000000016, 0, 0, -1.68], [0.18048000000000003, 0, 0.02048000000000001, -1.1711232], [0.33155072, 0, 2.072192, 0]]]
Q [[[0, 0.0, 0, 0], [0, 0.18048000000000003, 0.0, 0.0], [0, 0.33155072, 0.0, 0]], [[0.0, 0.12800000000000003, 0, 0.18048000000000003], [0.07219200000000002, 0.45120000000000005, 0.12800000000000003, 0.33155072], [0.0, 0.8288768, 0.18048000000000003, 0]], [[0.051200000000000016, 0, 0, -1.68], [0.18048000000000003, 0, 0.02048000000000001, -1.1711232], [0.33155072, 0, 2.072192, 0]]]
qerror is 9.43408513422
reward is [[{0: None, 1: 0, 2: None, 3: 0}, {0: None, 1: 0, 2: 0, 3: 0}, {0: None, 1: 0, 2: 0, 3: None}], [{0: 0, 1: 0, 2: None, 3: 0}, {0: 0, 1: 0, 2: 0, 3: 0}, {0: 0, 1: 0, 2: 0, 3: None}], [{0: 0, 1: None, 2: None, 3: -2}, {0: 0, 1: None, 2: 0, 3: -2}, {0: 0, 1: None, 2: 2, 3: None}]]
Q [[[0, 0.0, 0, 0], [0, 0.18048000000000003, 0.0, 0.0], [0, 0.33155072, 0.07219200000000002, 0]], [[0.0, 0.12800000000000003, 0, 0.18048000000000003], [0.07219200000000002, 0.45120000000000005, 0.12800000000000003, 0.33155072], [0.0, 0.8288768, 0.18048000000000003, 0]], [[0.051200000000000016, 0, 0, -1.68], [0.18048000000000003, 0, 0.02048000000000001, -1.1711232], [0.33155072, 0, 2.072192, 0]]]
Q [[[0, 0.0, 0, 0], [0, 0.18048000000000003, 0.0, 0.132620288], [0, 0.33155072, 0.07219200000000002, 0]], [[0.0, 0.12800000000000003, 0, 0.18048000000000003], [0.07219200000000002, 0.45120000000000005, 0.12800000000000003, 0.33155072], [0.0, 0.8288768, 0.18048000000000003, 0]], [[0.051200000000000016, 0, 0, -1.68], [0.18048000000000003, 0, 0.02048000000000001, -1.1711232], [0.33155072, 0, 2.072192, 0]]]
Q [[[0, 0.0, 0, 0], [0, 0.18048000000000003, 0.0, 0.132620288], [0, 0.33155072, 0.07219200000000002, 0]], [[0.0, 0.12800000000000003, 0, 0.18048000000000003], [0.07219200000000002, 0.45120000000000005, 0.12800000000000003, 0.33155072], [0.0, 0.8288768, 0.18048000000000003, 0]], [[0.051200000000000016, 0, 0, -1.68], [0.18048000000000003, 0, 0.02048000000000001, -1.1711232], [0.33155072, 0, 2.072192, 0]]]
Q [[[0, 0.0, 0, 0], [0, 0.18048000000000003, 0.0, 0.132620288], [0, 0.33155072, 0.07219200000000002, 0]], [[0.0, 0.12800000000000003, 0, 0.18048000000000003], [0.07219200000000002, 0.45120000000000005, 0.12800000000000003, 0.33155072], [0.132620288, 0.8288768, 0.18048000000000003, 0]], [[0.051200000000000016, 0, 0, -1.68], [0.18048000000000003, 0, 0.02048000000000001, -1.1711232], [0.33155072, 0, 2.072192, 0]]]
Q [[[0, 0.0, 0, 0], [0, 0.18048000000000003, 0.0, 0.132620288], [0, 0.33155072, 0.07219200000000002, 0]], [[0.0, 0.12800000000000003, 0, 0.18048000000000003], [0.07219200000000002, 0.45120000000000005, 0.12800000000000003, 0.33155072], [0.132620288, 0.8288768, 0.18048000000000003, 0]], [[0.051200000000000016, 0, 0, -1.68], [0.18048000000000003, 0, 0.02048000000000001, -1.1711232], [0.33155072, 0, 2.072192, 0]]]
Q [[[0, 0.0, 0, 0], [0, 0.18048000000000003, 0.0, 0.132620288], [0, 0.33155072, 0.07219200000000002, 0]], [[0.0, 0.12800000000000003, 0, 0.18048000000000003], [0.07219200000000002, 0.45120000000000005, 0.12800000000000003, 0.33155072], [0.132620288, 0.8288768, 0.18048000000000003, 0]], [[0.051200000000000016, 0, 0, -1.68], [0.18048000000000003, 0, 0.02048000000000001, -1.1711232], [0.33155072, 0, 2.072192, 0]]]
Q [[[0, 0.0, 0, 0], [0, 0.18048000000000003, 0.0, 0.132620288], [0, 0.33155072, 0.07219200000000002, 0]], [[0.0, 0.12800000000000003, 0, 0.18048000000000003], [0.07219200000000002, 0.07219200000000002, 0.12800000000000003, 0.33155072], [0.132620288, 0.8288768, 0.18048000000000003, 0]], [[0.051200000000000016, 0, 0, -1.68], [0.18048000000000003, 0, 0.02048000000000001, -1.1711232], [0.33155072, 0, 2.072192, 0]]]
Q [[[0, 0.0, 0, 0], [0, 0.18048000000000003, 0.0, 0.132620288], [0, 0.33155072, 0.07219200000000002, 0]], [[0.0, 0.12800000000000003, 0, 0.18048000000000003], [0.07219200000000002, 0.07219200000000002, 0.12800000000000003, 0.33155072], [0.132620288, 0.8288768, 0.18048000000000003, 0]], [[0.051200000000000016, 0, 0, -1.68], [0.132620288, 0, 0.02048000000000001, -1.1711232], [0.33155072, 0, 2.072192, 0]]]
Q [[[0, 0.0, 0, 0], [0, 0.18048000000000003, 0.0, 0.132620288], [0, 0.33155072, 0.07219200000000002, 0]], [[0.0, 0.12800000000000003, 0, 0.18048000000000003], [0.07219200000000002, 0.07219200000000002, 0.12800000000000003, 0.33155072], [0.132620288, 0.8288768, 0.18048000000000003, 0]], [[0.051200000000000016, 0, 0, -1.68], [0.132620288, 0, 0.02048000000000001, -1.1711232], [0.33155072, 0, 2.072192, 0]]]
Q [[[0, 0.0, 0, 0], [0, 0.18048000000000003, 0.0, 0.132620288], [0, 0.33155072, 0.07219200000000002, 0]], [[0.0, 0.12800000000000003, 0, 0.18048000000000003], [0.07219200000000002, 0.07219200000000002, 0.12800000000000003, 0.33155072], [0.132620288, 0.8288768, 0.132620288, 0]], [[0.051200000000000016, 0, 0, -1.68], [0.132620288, 0, 0.02048000000000001, -1.1711232], [0.33155072, 0, 2.072192, 0]]]
Q [[[0, 0.0, 0, 0], [0, 0.18048000000000003, 0.0, 0.132620288], [0, 0.33155072, 0.07219200000000002, 0]], [[0.0, 0.12800000000000003, 0, 0.18048000000000003], [0.07219200000000002, 0.07219200000000002, 0.12800000000000003, 0.33155072], [0.132620288, 0.8288768, 0.132620288, 0]], [[0.051200000000000016, 0, 0, -1.68], [0.132620288, 0, 0.02048000000000001, -1.1711232], [0.33155072, 0, 2.072192, 0]]]
Q [[[0, 0.0, 0, 0], [0, 0.18048000000000003, 0.0, 0.132620288], [0, 0.33155072, 0.07219200000000002, 0]], [[0.0, 0.12800000000000003, 0, 0.18048000000000003], [0.07219200000000002, 0.07219200000000002, 0.12800000000000003, 0.33155072], [0.132620288, 0.8288768, 0.132620288, 0]], [[0.051200000000000016, 0, 0, -1.68], [0.132620288, 0, 0.02048000000000001, -1.1711232], [0.33155072, 0, 2.072192, 0]]]
Q [[[0, 0.0, 0, 0.07219200000000002], [0, 0.18048000000000003, 0.0, 0.132620288], [0, 0.33155072, 0.07219200000000002, 0]], [[0.0, 0.12800000000000003, 0, 0.18048000000000003], [0.07219200000000002, 0.07219200000000002, 0.12800000000000003, 0.33155072], [0.132620288, 0.8288768, 0.132620288, 0]], [[0.051200000000000016, 0, 0, -1.68], [0.132620288, 0, 0.02048000000000001, -1.1711232], [0.33155072, 0, 2.072192, 0]]]
Q [[[0, 0.0, 0, 0.07219200000000002], [0, 0.18048000000000003, 0.028876800000000008, 0.132620288], [0, 0.33155072, 0.07219200000000002, 0]], [[0.0, 0.12800000000000003, 0, 0.18048000000000003], [0.07219200000000002, 0.07219200000000002, 0.12800000000000003, 0.33155072], [0.132620288, 0.8288768, 0.132620288, 0]], [[0.051200000000000016, 0, 0, -1.68], [0.132620288, 0, 0.02048000000000001, -1.1711232], [0.33155072, 0, 2.072192, 0]]]
Q [[[0, 0.07219200000000002, 0, 0.07219200000000002], [0, 0.18048000000000003, 0.028876800000000008, 0.132620288], [0, 0.33155072, 0.07219200000000002, 0]], [[0.0, 0.12800000000000003, 0, 0.18048000000000003], [0.07219200000000002, 0.07219200000000002, 0.12800000000000003, 0.33155072], [0.132620288, 0.8288768, 0.132620288, 0]], [[0.051200000000000016, 0, 0, -1.68], [0.132620288, 0, 0.02048000000000001, -1.1711232], [0.33155072, 0, 2.072192, 0]]]
Q [[[0, 0.07219200000000002, 0, 0.07219200000000002], [0, 0.18048000000000003, 0.028876800000000008, 0.132620288], [0, 0.33155072, 0.07219200000000002, 0]], [[0.0, 0.02048000000000001, 0, 0.18048000000000003], [0.07219200000000002, 0.07219200000000002, 0.12800000000000003, 0.33155072], [0.132620288, 0.8288768, 0.132620288, 0]], [[0.051200000000000016, 0, 0, -1.68], [0.132620288, 0, 0.02048000000000001, -1.1711232], [0.33155072, 0, 2.072192, 0]]]
Q [[[0, 0.07219200000000002, 0, 0.07219200000000002], [0, 0.18048000000000003, 0.028876800000000008, 0.132620288], [0, 0.33155072, 0.07219200000000002, 0]], [[0.0, 0.02048000000000001, 0, 0.18048000000000003], [0.07219200000000002, 0.07219200000000002, 0.12800000000000003, 0.33155072], [0.132620288, 0.8288768, 0.132620288, 0]], [[0.051200000000000016, 0, 0, -1.9469518848], [0.132620288, 0, 0.02048000000000001, -1.1711232], [0.33155072, 0, 2.072192, 0]]]
Q [[[0, 0.07219200000000002, 0, 0.07219200000000002], [0, 0.18048000000000003, 0.028876800000000008, 0.132620288], [0, 0.33155072, 0.07219200000000002, 0]], [[0.0, 0.02048000000000001, 0, 0.18048000000000003], [0.07219200000000002, 0.07219200000000002, 0.12800000000000003, 0.33155072], [0.132620288, 0.8288768, 0.132620288, 0]], [[0.051200000000000016, 0, 0, -1.9469518848], [0.132620288, 0, 2.02048, -1.1711232], [0.33155072, 0, 2.072192, 0]]]
Q [[[0, 0.07219200000000002, 0, 0.07219200000000002], [0, 0.18048000000000003, 0.028876800000000008, 0.132620288], [0, 0.33155072, 0.07219200000000002, 0]], [[0.0, 0.02048000000000001, 0, 0.18048000000000003], [0.07219200000000002, 0.07219200000000002, 0.12800000000000003, 0.33155072], [0.132620288, 0.8288768, 0.132620288, 0]], [[0.051200000000000016, 0, 0, -0.19180799999999998], [0.132620288, 0, 2.02048, -1.1711232], [0.33155072, 0, 2.072192, 0]]]
Q [[[0, 0.07219200000000002, 0, 0.07219200000000002], [0, 0.18048000000000003, 0.028876800000000008, 0.132620288], [0, 0.33155072, 0.07219200000000002, 0]], [[0.0, 0.02048000000000001, 0, 0.18048000000000003], [0.07219200000000002, 0.07219200000000002, 0.12800000000000003, 0.33155072], [0.132620288, 0.8288768, 0.132620288, 0]], [[0.051200000000000016, 0, 0, -0.19180799999999998], [0.132620288, 0, 2.02048, -1.1711232], [0.33155072, 0, 2.072192, 0]]]
qerror is 6.42614935314
reward is [[{0: None, 1: 0, 2: None, 3: 0}, {0: None, 1: 0, 2: 0, 3: 0}, {0: None, 1: 0, 2: 0, 3: None}], [{0: 0, 1: 0, 2: None, 3: 0}, {0: 0, 1: 0, 2: 0, 3: 0}, {0: 0, 1: 0, 2: 0, 3: None}], [{0: 0, 1: None, 2: None, 3: -1}, {0: 0, 1: None, 2: 2, 3: -2}, {0: 0, 1: None, 2: 2, 3: None}]]
Q [[[0, 0.07219200000000002, 0, 0.07219200000000002], [0, 0.18048000000000003, 0.028876800000000008, 0.132620288], [0, 0.33155072, 0.07219200000000002, 0]], [[0.0, 0.02048000000000001, 0, 0.18048000000000003], [0.07219200000000002, 0.07219200000000002, 0.12800000000000003, 0.33155072], [0.132620288, 0.8288768, 0.132620288, 0]], [[0.051200000000000016, 0, 0, -0.19180799999999998], [0.132620288, 0, 2.02048, -1.1711232], [0.33155072, 0, 2.072192, 0]]]
Q [[[0, 0.07219200000000002, 0, 0.07219200000000002], [0, 0.18048000000000003, 0.028876800000000008, 0.132620288], [0, 0.33155072, 0.07219200000000002, 0]], [[0.0, 0.02048000000000001, 0, 0.18048000000000003], [0.07219200000000002, 0.07219200000000002, 0.12800000000000003, 0.33155072], [0.132620288, 0.8288768, 0.132620288, 0]], [[0.051200000000000016, 0, 0, -0.19180799999999998], [0.132620288, 0, 2.02048, -1.1711232], [0.33155072, 0, 2.072192, 0]]]
Q [[[0, 0.07219200000000002, 0, 0.07219200000000002], [0, 0.18048000000000003, 0.028876800000000008, 0.132620288], [0, 0.33155072, 0.07219200000000002, 0]], [[0.0, 0.02048000000000001, 0, 0.18048000000000003], [0.07219200000000002, 0.07219200000000002, 0.12800000000000003, 0.33155072], [0.132620288, 0.8288768, 0.132620288, 0]], [[0.051200000000000016, 0, 0, -0.19180799999999998], [0.132620288, 0, 2.02048, -1.1711232], [0.33155072, 0, 2.072192, 0]]]
Q [[[0, 0.07219200000000002, 0, 0.07219200000000002], [0, 0.18048000000000003, 0.028876800000000008, 0.132620288], [0, 0.33155072, 0.07219200000000002, 0]], [[0.0, 0.02048000000000001, 0, 0.18048000000000003], [0.07219200000000002, 0.07219200000000002, 0.12800000000000003, 0.33155072], [0.132620288, 0.8288768, 0.132620288, 0]], [[0.051200000000000016, 0, 0, -0.19180799999999998], [0.132620288, 0, 2.02048, -1.1711232], [0.33155072, 0, 2.072192, 0]]]
Q [[[0, 0.07219200000000002, 0, 0.07219200000000002], [0, 0.18048000000000003, 0.028876800000000008, 0.132620288], [0, 0.33155072, 0.07219200000000002, 0]], [[0.0, 0.02048000000000001, 0, 0.18048000000000003], [0.07219200000000002, 0.07219200000000002, 0.12800000000000003, 0.33155072], [0.132620288, 0.8288768, 0.132620288, 0]], [[0.051200000000000016, 0, 0, -0.19180799999999998], [0.132620288, 0, 2.02048, -1.1711232], [0.33155072, 0, 2.072192, 0]]]
Q [[[0, 0.07219200000000002, 0, 0.07219200000000002], [0, 0.18048000000000003, 0.028876800000000008, 0.132620288], [0, 0.33155072, 0.07219200000000002, 0]], [[0.0, 0.02048000000000001, 0, 0.18048000000000003], [0.07219200000000002, 0.07219200000000002, 0.12800000000000003, 0.33155072], [0.132620288, 0.8288768, 0.132620288, 0]], [[0.051200000000000016, 0, 0, -0.19180799999999998], [0.132620288, 0, 2.02048, -1.1711232], [0.33155072, 0, 2.808192, 0]]]
Q [[[0, 0.07219200000000002, 0, 0.07219200000000002], [0, 0.18048000000000003, 0.028876800000000008, 0.132620288], [0, 0.33155072, 0.07219200000000002, 0]], [[0.0, 0.02048000000000001, 0, 0.18048000000000003], [0.07219200000000002, 0.07219200000000002, 0.12800000000000003, 0.33155072], [0.132620288, 0.8288768, 0.132620288, 0]], [[0.051200000000000016, 0, 0, -0.19180799999999998], [0.132620288, 0, 2.02048, 0.12327679999999996], [0.33155072, 0, 2.808192, 0]]]
Q [[[0, 0.07219200000000002, 0, 0.07219200000000002], [0, 0.18048000000000003, 0.028876800000000008, 0.132620288], [0, 0.33155072, 0.07219200000000002, 0]], [[0.0, 0.02048000000000001, 0, 0.18048000000000003], [0.07219200000000002, 0.07219200000000002, 0.12800000000000003, 0.33155072], [0.132620288, 0.8288768, 0.132620288, 0]], [[0.051200000000000016, 0, 0, -0.19180799999999998], [0.132620288, 0, 2.02048, 0.12327679999999996], [0.33155072, 0, 2.808192, 0]]]
Q [[[0, 0.07219200000000002, 0, 0.07219200000000002], [0, 0.18048000000000003, 0.028876800000000008, 0.132620288], [0, 0.33155072, 0.07219200000000002, 0]], [[0.0, 0.02048000000000001, 0, 0.18048000000000003], [0.07219200000000002, 0.07219200000000002, 0.12800000000000003, 0.33155072], [0.132620288, 0.8288768, 0.132620288, 0]], [[0.051200000000000016, 0, 0, -0.19180799999999998], [0.132620288, 0, 2.02048, 0.12327679999999996], [0.33155072, 0, 2.808192, 0]]]
Q [[[0, 0.07219200000000002, 0, 0.07219200000000002], [0, 0.18048000000000003, 0.028876800000000008, 0.132620288], [0, 0.33155072, 0.07219200000000002, 0]], [[0.0, 0.02048000000000001, 0, 0.18048000000000003], [0.07219200000000002, 0.07219200000000002, 0.12800000000000003, 0.33155072], [0.132620288, 0.8288768, 0.132620288, 0]], [[0.051200000000000016, 0, 0, -0.19180799999999998], [0.132620288, 0, 2.02048, 0.12327679999999996], [0.33155072, 0, 2.808192, 0]]]
Q [[[0, 0.07219200000000002, 0, 0.07219200000000002], [0, 0.18048000000000003, 0.028876800000000008, 0.132620288], [0, 0.33155072, 0.07219200000000002, 0]], [[0.0, 0.02048000000000001, 0, 0.18048000000000003], [0.07219200000000002, 0.07219200000000002, 0.12800000000000003, 0.33155072], [0.132620288, 1.1232768, 0.132620288, 0]], [[0.051200000000000016, 0, 0, -0.19180799999999998], [0.132620288, 0, 2.02048, 0.12327679999999996], [0.33155072, 0, 2.808192, 0]]]
Q [[[0, 0.07219200000000002, 0, 0.07219200000000002], [0, 0.18048000000000003, 0.028876800000000008, 0.132620288], [0, 0.33155072, 0.07219200000000002, 0]], [[0.0, 0.02048000000000001, 0, 0.18048000000000003], [0.07219200000000002, 0.07219200000000002, 0.12800000000000003, 0.33155072], [0.132620288, 1.1232768, 0.132620288, 0]], [[0.051200000000000016, 0, 0, -0.19180799999999998], [0.132620288, 0, 2.02048, 0.12327679999999996], [0.44931072, 0, 2.808192, 0]]]
Q [[[0, 0.07219200000000002, 0, 0.07219200000000002], [0, 0.18048000000000003, 0.028876800000000008, 0.132620288], [0, 0.33155072, 0.07219200000000002, 0]], [[0.0, 0.02048000000000001, 0, 0.18048000000000003], [0.07219200000000002, 0.07219200000000002, 0.12800000000000003, 0.33155072], [0.132620288, 1.1232768, 0.132620288, 0]], [[0.051200000000000016, 0, 0, -0.19180799999999998], [0.132620288, 0, 2.02048, 0.12327679999999996], [0.44931072, 0, 2.808192, 0]]]
Q [[[0, 0.07219200000000002, 0, 0.07219200000000002], [0, 0.18048000000000003, 0.028876800000000008, 0.132620288], [0, 0.33155072, 0.07219200000000002, 0]], [[0.0, 0.02048000000000001, 0, 0.18048000000000003], [0.07219200000000002, 0.07219200000000002, 0.12800000000000003, 0.33155072], [0.132620288, 1.1232768, 0.132620288, 0]], [[0.051200000000000016, 0, 0, -0.19180799999999998], [0.132620288, 0, 2.02048, 0.12327679999999996], [0.44931072, 0, 2.808192, 0]]]
Q [[[0, 0.07219200000000002, 0, 0.07219200000000002], [0, 0.18048000000000003, 0.028876800000000008, 0.132620288], [0, 0.33155072, 0.07219200000000002, 0]], [[0.0, 0.02048000000000001, 0, 0.18048000000000003], [0.07219200000000002, 0.07219200000000002, 0.12800000000000003, 0.33155072], [0.132620288, 1.1232768, 0.132620288, 0]], [[0.051200000000000016, 0, 0, -0.19180799999999998], [0.132620288, 0, 2.02048, 0.12327679999999996], [0.44931072, 0, 2.808192, 0]]]
Q [[[0, 0.07219200000000002, 0, 0.07219200000000002], [0, 0.18048000000000003, 0.028876800000000008, 0.132620288], [0, 0.33155072, 0.07219200000000002, 0]], [[0.0, 0.02048000000000001, 0, 0.18048000000000003], [0.07219200000000002, 0.07219200000000002, 0.12800000000000003, 0.33155072], [0.132620288, 1.1232768, 0.132620288, 0]], [[0.051200000000000016, 0, 0, -0.19180799999999998], [0.132620288, 0, 2.02048, 0.12327679999999996], [0.44931072, 0, 2.808192, 0]]]
Q [[[0, 0.07219200000000002, 0, 0.07219200000000002], [0, 0.18048000000000003, 0.028876800000000008, 0.132620288], [0, 0.33155072, 0.07219200000000002, 0]], [[0.0, 0.02048000000000001, 0, 0.18048000000000003], [0.07219200000000002, 0.07219200000000002, 0.12800000000000003, 0.33155072], [0.132620288, 1.1232768, 0.132620288, 0]], [[0.051200000000000016, 0, 0, -0.19180799999999998], [0.132620288, 0, 2.02048, 0.12327679999999996], [0.44931072, 0, 2.808192, 0]]]
Q [[[0, 0.07219200000000002, 0, 0.07219200000000002], [0, 0.18048000000000003, 0.028876800000000008, 0.132620288], [0, 0.33155072, 0.07219200000000002, 0]], [[0.0, 0.02048000000000001, 0, 0.18048000000000003], [0.07219200000000002, 0.07219200000000002, 0.12800000000000003, 0.33155072], [0.132620288, 1.1232768, 0.132620288, 0]], [[0.07219200000000002, 0, 0, -0.19180799999999998], [0.132620288, 0, 2.02048, 0.12327679999999996], [0.44931072, 0, 2.808192, 0]]]
Q [[[0, 0.07219200000000002, 0, 0.07219200000000002], [0, 0.18048000000000003, 0.028876800000000008, 0.132620288], [0, 0.33155072, 0.07219200000000002, 0]], [[0.028876800000000008, 0.02048000000000001, 0, 0.18048000000000003], [0.07219200000000002, 0.07219200000000002, 0.12800000000000003, 0.33155072], [0.132620288, 1.1232768, 0.132620288, 0]], [[0.07219200000000002, 0, 0, -0.19180799999999998], [0.132620288, 0, 2.02048, 0.12327679999999996], [0.44931072, 0, 2.808192, 0]]]
Q [[[0, 0.07219200000000002, 0, 0.07219200000000002], [0, 0.18048000000000003, 0.028876800000000008, 0.132620288], [0, 0.33155072, 0.07219200000000002, 0]], [[0.028876800000000008, 0.02048000000000001, 0, 0.18048000000000003], [0.07219200000000002, 0.07219200000000002, 0.12800000000000003, 0.33155072], [0.132620288, 1.1232768, 0.132620288, 0]], [[0.07219200000000002, 0, 0, -0.19180799999999998], [0.132620288, 0, 2.02048, 0.12327679999999996], [0.44931072, 0, 2.808192, 0]]]
qerror is 2.31898067124
reward is [[{0: None, 1: 0, 2: None, 3: 0}, {0: None, 1: 0, 2: 0, 3: 0}, {0: None, 1: 0, 2: 0, 3: None}], [{0: 0, 1: 0, 2: None, 3: 0}, {0: 0, 1: 0, 2: 0, 3: 0}, {0: 0, 1: 0, 2: 0, 3: None}], [{0: 0, 1: None, 2: None, 3: -1}, {0: 0, 1: None, 2: 2, 3: -1}, {0: 0, 1: None, 2: 2, 3: None}]]
Q [[[0, 0.07219200000000002, 0, 0.07219200000000002], [0, 0.132620288, 0.028876800000000008, 0.132620288], [0, 0.33155072, 0.07219200000000002, 0]], [[0.028876800000000008, 0.02048000000000001, 0, 0.18048000000000003], [0.07219200000000002, 0.07219200000000002, 0.12800000000000003, 0.33155072], [0.132620288, 1.1232768, 0.132620288, 0]], [[0.07219200000000002, 0, 0, -0.19180799999999998], [0.132620288, 0, 2.02048, 0.12327679999999996], [0.44931072, 0, 2.808192, 0]]]
Q [[[0, 0.07219200000000002, 0, 0.07219200000000002], [0, 0.132620288, 0.028876800000000008, 0.132620288], [0, 0.33155072, 0.07219200000000002, 0]], [[0.028876800000000008, 0.02048000000000001, 0, 0.18048000000000003], [0.07219200000000002, 0.07219200000000002, 0.12800000000000003, 0.44931072], [0.132620288, 1.1232768, 0.132620288, 0]], [[0.07219200000000002, 0, 0, -0.19180799999999998], [0.132620288, 0, 2.02048, 0.12327679999999996], [0.44931072, 0, 2.808192, 0]]]
Q [[[0, 0.07219200000000002, 0, 0.07219200000000002], [0, 0.132620288, 0.028876800000000008, 0.132620288], [0, 0.33155072, 0.07219200000000002, 0]], [[0.028876800000000008, 0.02048000000000001, 0, 0.18048000000000003], [0.07219200000000002, 0.07219200000000002, 0.12800000000000003, 0.44931072], [0.132620288, 1.1232768, 0.132620288, 0]], [[0.07219200000000002, 0, 0, -0.19180799999999998], [0.132620288, 0, 2.02048, 0.12327679999999996], [0.44931072, 0, 2.808192, 0]]]
Q [[[0, 0.07219200000000002, 0, 0.07219200000000002], [0, 0.132620288, 0.028876800000000008, 0.132620288], [0, 0.33155072, 0.07219200000000002, 0]], [[0.028876800000000008, 0.02048000000000001, 0, 0.18048000000000003], [0.07219200000000002, 0.07219200000000002, 0.12800000000000003, 0.44931072], [0.132620288, 1.1232768, 0.132620288, 0]], [[0.07219200000000002, 0, 0, -0.19180799999999998], [0.132620288, 0, 2.02048, 0.12327679999999996], [0.44931072, 0, 1.808192, 0]]]
Q [[[0, 0.07219200000000002, 0, 0.07219200000000002], [0, 0.132620288, 0.028876800000000008, 0.132620288], [0, 0.33155072, 0.07219200000000002, 0]], [[0.028876800000000008, 0.02048000000000001, 0, 0.18048000000000003], [0.07219200000000002, 0.07219200000000002, 0.12800000000000003, 0.44931072], [0.132620288, 1.1232768, 0.132620288, 0]], [[0.07219200000000002, 0, 0, -0.19180799999999998], [0.132620288, 0, -1.9711232, 0.12327679999999996], [0.44931072, 0, 1.808192, 0]]]
Q [[[0, 0.07219200000000002, 0, 0.07219200000000002], [0, 0.132620288, 0.028876800000000008, 0.132620288], [0, 0.33155072, 0.07219200000000002, 0]], [[0.028876800000000008, 0.02048000000000001, 0, 0.18048000000000003], [0.07219200000000002, 0.07219200000000002, 0.12800000000000003, 0.44931072], [0.132620288, 1.1232768, 0.132620288, 0]], [[0.07219200000000002, 0, 0, -1.9469518848], [0.132620288, 0, -1.9711232, 0.12327679999999996], [0.44931072, 0, 1.808192, 0]]]
Q [[[0, 0.07219200000000002, 0, 0.07219200000000002], [0, 0.132620288, 0.028876800000000008, 0.132620288], [0, 0.33155072, 0.07219200000000002, 0]], [[0.028876800000000008, 0.02048000000000001, 0, 0.18048000000000003], [0.07219200000000002, 0.07219200000000002, 0.12800000000000003, 0.44931072], [0.132620288, 1.1232768, 0.132620288, 0]], [[0.07219200000000002, 0, 0, -1.9469518848], [0.132620288, 0, -1.9711232, -0.27672319999999995], [0.44931072, 0, 1.808192, 0]]]
Q [[[0, 0.07219200000000002, 0, 0.07219200000000002], [0, 0.132620288, 0.028876800000000008, 0.132620288], [0, 0.33155072, 0.07219200000000002, 0]], [[0.028876800000000008, 0.02048000000000001, 0, 0.18048000000000003], [0.07219200000000002, 0.07219200000000002, 0.12800000000000003, 0.44931072], [0.132620288, 1.1232768, 0.132620288, 0]], [[0.07219200000000002, 0, 0, -1.9469518848], [0.132620288, 0, -1.9711232, -0.27672319999999995], [0.44931072, 0, 2.0530481152, 0]]]
Q [[[0, 0.07219200000000002, 0, 0.07219200000000002], [0, 0.132620288, 0.028876800000000008, 0.132620288], [0, 0.33155072, 0.07219200000000002, 0]], [[0.028876800000000008, 0.02048000000000001, 0, 0.18048000000000003], [0.07219200000000002, 0.07219200000000002, 0.12800000000000003, 0.44931072], [0.132620288, 1.1232768, 0.132620288, 0]], [[0.07219200000000002, 0, 0, -1.9469518848], [0.132620288, 0, -1.9711232, -1.17878075392], [0.44931072, 0, 2.0530481152, 0]]]
Q [[[0, 0.07219200000000002, 0, 0.07219200000000002], [0, 0.132620288, 0.028876800000000008, 0.132620288], [0, 0.33155072, 0.07219200000000002, 0]], [[0.028876800000000008, 0.02048000000000001, 0, 0.18048000000000003], [0.07219200000000002, 0.07219200000000002, 0.12800000000000003, 0.44931072], [0.132620288, 1.1232768, 0.132620288, 0]], [[0.07219200000000002, 0, 0, -1.9469518848], [0.132620288, 0, -1.9711232, -1.17878075392], [0.44931072, 0, 2.0530481152, 0]]]
Q [[[0, 0.07219200000000002, 0, 0.07219200000000002], [0, 0.132620288, 0.028876800000000008, 0.132620288], [0, 0.33155072, 0.07219200000000002, 0]], [[0.028876800000000008, 0.02048000000000001, 0, 0.18048000000000003], [0.07219200000000002, 0.07219200000000002, 0.12800000000000003, 0.44931072], [0.132620288, 1.1232768, -1.820275712, 0]], [[0.07219200000000002, 0, 0, -1.9469518848], [0.132620288, 0, -1.9711232, -1.17878075392], [0.44931072, 0, 2.0530481152, 0]]]
Q [[[0, 0.07219200000000002, 0, 0.07219200000000002], [0, 0.132620288, 0.028876800000000008, 0.132620288], [0, 0.33155072, 0.07219200000000002, 0]], [[0.028876800000000008, 0.02048000000000001, 0, 0.18048000000000003], [0.0530481152, 0.07219200000000002, 0.12800000000000003, 0.44931072], [0.132620288, 1.1232768, -1.820275712, 0]], [[0.07219200000000002, 0, 0, -1.9469518848], [0.132620288, 0, -1.9711232, -1.17878075392], [0.44931072, 0, 2.0530481152, 0]]]
Q [[[0, 0.07219200000000002, 0, 0.07219200000000002], [0, 0.179724288, 0.028876800000000008, 0.132620288], [0, 0.33155072, 0.07219200000000002, 0]], [[0.028876800000000008, 0.02048000000000001, 0, 0.18048000000000003], [0.0530481152, 0.07219200000000002, 0.12800000000000003, 0.44931072], [0.132620288, 1.1232768, -1.820275712, 0]], [[0.07219200000000002, 0, 0, -1.9469518848], [0.132620288, 0, -1.9711232, -1.17878075392], [0.44931072, 0, 2.0530481152, 0]]]
Q [[[0, 0.07219200000000002, 0, 0.07219200000000002], [0, 0.179724288, 0.028876800000000008, 0.132620288], [0, 0.33155072, 0.07219200000000002, 0]], [[0.028876800000000008, 0.02048000000000001, 0, 0.18048000000000003], [0.0530481152, 0.0530481152, 0.12800000000000003, 0.44931072], [0.132620288, 1.1232768, -1.820275712, 0]], [[0.07219200000000002, 0, 0, -1.9469518848], [0.132620288, 0, -1.9711232, -1.17878075392], [0.44931072, 0, 2.0530481152, 0]]]
Q [[[0, 0.07219200000000002, 0, 0.07219200000000002], [0, 0.179724288, 0.028876800000000008, 0.132620288], [0, 0.33155072, 0.07219200000000002, 0]], [[0.028876800000000008, 0.02048000000000001, 0, 0.18048000000000003], [0.0530481152, 0.0530481152, 0.12800000000000003, 0.44931072], [0.132620288, 1.1232768, -1.820275712, 0]], [[0.07219200000000002, 0, 0, -1.9469518848], [0.132620288, 0, -1.9711232, 0.8212192460800001], [0.44931072, 0, 2.0530481152, 0]]]
Q [[[0, 0.07219200000000002, 0, 0.07219200000000002], [0, 0.179724288, 0.028876800000000008, 0.132620288], [0, 0.33155072, 0.07219200000000002, 0]], [[0.028876800000000008, 0.02048000000000001, 0, 0.18048000000000003], [0.0530481152, 0.0530481152, 0.12800000000000003, 0.44931072], [0.132620288, 1.1232768, -1.820275712, 0]], [[0.07219200000000002, 0, 0, -1.9469518848], [0.132620288, 0, -1.9711232, 0.8212192460800001], [0.44931072, 0, 2.328487698432, 0]]]
Q [[[0, 0.07219200000000002, 0, 0.07219200000000002], [0, 0.179724288, 0.028876800000000008, 0.132620288], [0, 0.33155072, 0.07219200000000002, 0]], [[0.028876800000000008, 0.02048000000000001, 0, 0.18048000000000003], [0.0530481152, 0.0530481152, 0.12800000000000003, 0.44931072], [0.132620288, 1.1232768, -1.820275712, 0]], [[0.07219200000000002, 0, 0, -1.9469518848], [0.179724288, 0, -1.9711232, 0.8212192460800001], [0.44931072, 0, 2.328487698432, 0]]]
Q [[[0, 0.07219200000000002, 0, 0.07219200000000002], [0, 0.179724288, 0.028876800000000008, 0.132620288], [0, 0.33155072, 0.07219200000000002, 0]], [[0.028876800000000008, 0.02048000000000001, 0, 0.18048000000000003], [0.0530481152, 0.0530481152, -0.927808, 0.44931072], [0.132620288, 1.1232768, -1.820275712, 0]], [[0.07219200000000002, 0, 0, -1.9469518848], [0.179724288, 0, -1.9711232, 0.8212192460800001], [0.44931072, 0, 2.328487698432, 0]]]
Q [[[0, 0.07219200000000002, 0, 0.07219200000000002], [0, 0.179724288, 0.028876800000000008, 0.132620288], [0, 0.33155072, 0.07219200000000002, 0]], [[0.028876800000000008, 0.02048000000000001, 0, 0.18048000000000003], [0.0530481152, 0.0530481152, -0.927808, 0.44931072], [0.132620288, 1.1232768, -1.820275712, 0]], [[0.07219200000000002, 0, 0, -1.9469518848], [0.179724288, 0, -1.9711232, 0.8212192460800001], [0.44931072, 0, 2.328487698432, 0]]]
Q [[[0, 0.07219200000000002, 0, 0.07188971520000001], [0, 0.179724288, 0.028876800000000008, 0.132620288], [0, 0.33155072, 0.07219200000000002, 0]], [[0.028876800000000008, 0.02048000000000001, 0, 0.18048000000000003], [0.0530481152, 0.0530481152, -0.927808, 0.44931072], [0.132620288, 1.1232768, -1.820275712, 0]], [[0.07219200000000002, 0, 0, -1.9469518848], [0.179724288, 0, -1.9711232, 0.8212192460800001], [0.44931072, 0, 2.328487698432, 0]]]
qerror is 24.6760192008
reward is [[{0: None, 1: 0, 2: None, 3: 0}, {0: None, 1: 0, 2: 0, 3: 0}, {0: None, 1: 0, 2: 0, 3: None}], [{0: 0, 1: 0, 2: None, 3: 0}, {0: 0, 1: 0, 2: -1, 3: 0}, {0: 0, 1: 0, 2: -2, 3: None}], [{0: 0, 1: None, 2: None, 3: -2}, {0: 0, 1: None, 2: -2, 3: 0}, {0: 0, 1: None, 2: 2, 3: None}]]
Q [[[0, 0.07219200000000002, 0, 0.07188971520000001], [0, 0.179724288, 0.028876800000000008, 0.132620288], [0, 0.33155072, 0.07219200000000002, 0]], [[0.028876800000000008, 0.02048000000000001, 0, 0.18048000000000003], [0.0530481152, 0.0530481152, -0.927808, 0.44931072], [0.132620288, 1.1232768, -1.820275712, 0]], [[0.07219200000000002, 0, 0, -1.9469518848], [0.179724288, 0, -1.9711232, 0.8212192460800001], [0.44931072, 0, 2.328487698432, 0]]]
Q [[[0, 0.07219200000000002, 0, 0.07188971520000001], [0, 0.179724288, 0.028876800000000008, 0.132620288], [0, 0.33155072, 0.07219200000000002, 0]], [[0.028876800000000008, 0.02048000000000001, 0, 0.18048000000000003], [0.0530481152, 0.0530481152, -0.927808, 0.44931072], [0.132620288, 1.1232768, -1.820275712, 0]], [[0.07219200000000002, 0, 0, -1.9469518848], [0.179724288, 0, -1.9711232, 0.8212192460800001], [0.44931072, 0, 2.328487698432, 0]]]
Q [[[0, 0.07219200000000002, 0, 0.07188971520000001], [0, 0.179724288, 0.028876800000000008, 0.132620288], [0, 0.33155072, 0.07219200000000002, 0]], [[0.028876800000000008, 0.028876800000000008, 0, 0.18048000000000003], [0.0530481152, 0.0530481152, -0.927808, 0.44931072], [0.132620288, 1.1232768, -1.820275712, 0]], [[0.07219200000000002, 0, 0, -1.9469518848], [0.179724288, 0, -1.9711232, 0.8212192460800001], [0.44931072, 0, 2.328487698432, 0]]]
Q [[[0, 0.07219200000000002, 0, 0.07188971520000001], [0, 0.179724288, 0.028876800000000008, 0.132620288], [0, 0.33155072, 0.07219200000000002, 0]], [[0.028876800000000008, 0.028876800000000008, 0, 0.18048000000000003], [0.0530481152, 0.0530481152, -0.927808, 0.44931072], [0.132620288, 1.1232768, -1.820275712, 0]], [[0.07219200000000002, 0, 0, -1.9469518848], [0.179724288, 0, -1.9711232, 0.8212192460800001], [0.44931072, 0, 2.328487698432, 0]]]
Q [[[0, 0.07219200000000002, 0, 0.07188971520000001], [0, 0.179724288, 0.028876800000000008, 0.132620288], [0, 0.33155072, 0.07219200000000002, 0]], [[0.028876800000000008, 0.028876800000000008, 0, 0.179724288], [0.0530481152, 0.0530481152, -0.927808, 0.44931072], [0.132620288, 1.1232768, -1.820275712, 0]], [[0.07219200000000002, 0, 0, -1.9469518848], [0.179724288, 0, -1.9711232, 0.8212192460800001], [0.44931072, 0, 2.328487698432, 0]]]
Q [[[0, 0.07219200000000002, 0, 0.07188971520000001], [0, 0.179724288, 0.028876800000000008, 0.132620288], [0, 0.33155072, 0.07219200000000002, 0]], [[0.028876800000000008, 0.028876800000000008, 0, 0.179724288], [0.0530481152, 0.32848769843200004, -0.927808, 0.44931072], [0.132620288, 1.1232768, -1.820275712, 0]], [[0.07219200000000002, 0, 0, -1.9469518848], [0.179724288, 0, -1.9711232, 0.8212192460800001], [0.44931072, 0, 2.328487698432, 0]]]
Q [[[0, 0.07219200000000002, 0, 0.07188971520000001], [0, 0.179724288, 0.028876800000000008, 0.132620288], [0, 0.33155072, 0.07219200000000002, 0]], [[0.028876800000000008, 0.028876800000000008, 0, 0.179724288], [0.0530481152, 0.32848769843200004, -0.927808, 0.44931072], [0.132620288, 1.1232768, -1.820275712, 0]], [[0.07219200000000002, 0, 0, -1.9469518848], [0.179724288, 0, -1.9711232, -0.06860492062719992], [0.44931072, 0, 2.328487698432, 0]]]
Q [[[0, 0.07219200000000002, 0, 0.07188971520000001], [0, 0.179724288, 0.028876800000000008, 0.132620288], [0, 0.33155072, 0.07219200000000002, 0]], [[0.028876800000000008, 0.028876800000000008, 0, 0.179724288], [0.0530481152, 0.32848769843200004, -0.927808, 0.44931072], [0.132620288, 1.1232768, -1.820275712, 0]], [[0.07219200000000002, 0, 0, -1.9469518848], [0.179724288, 0, -1.9711232, -0.06860492062719992], [0.44931072, 0, 2.0718897152, 0]]]
Q [[[0, 0.07219200000000002, 0, 0.07188971520000001], [0, 0.179724288, 0.028876800000000008, 0.132620288], [0, 0.33155072, 0.07219200000000002, 0]], [[0.028876800000000008, 0.028876800000000008, 0, 0.179724288], [0.0530481152, 0.32848769843200004, -0.927808, 0.44931072], [0.132620288, 1.1232768, -1.820275712, 0]], [[0.07219200000000002, 0, 0, -1.9469518848], [0.179724288, 0, -1.9711232, -1.1712441139199998], [0.44931072, 0, 2.0718897152, 0]]]
Q [[[0, 0.07219200000000002, 0, 0.07188971520000001], [0, 0.179724288, 0.028876800000000008, 0.132620288], [0, 0.33155072, 0.07219200000000002, 0]], [[0.028876800000000008, 0.028876800000000008, 0, 0.179724288], [0.0530481152, 0.32848769843200004, -0.927808, 0.44931072], [0.132620288, 1.1232768, -1.820275712, 0]], [[0.07219200000000002, 0, 0, -1.9469518848], [0.179724288, 0, -1.9711232, -1.1712441139199998], [0.44931072, 0, 2.0718897152, 0]]]
Q [[[0, 0.07219200000000002, 0, 0.07188971520000001], [0, 0.179724288, 0.028876800000000008, 0.132620288], [0, 0.33155072, 0.07219200000000002, 0]], [[0.028876800000000008, 0.028876800000000008, 0, 0.179724288], [0.0530481152, 0.32848769843200004, -0.927808, 0.44931072], [0.132620288, 1.1232768, -1.820275712, 0]], [[0.07219200000000002, 0, 0, -1.9469518848], [0.179724288, 0, -1.9711232, -1.1712441139199998], [0.44931072, 0, 2.0718897152, 0]]]
Q [[[0, 0.07219200000000002, 0, 0.07188971520000001], [0, 0.179724288, 0.028876800000000008, 0.132620288], [0, 0.33155072, 0.07219200000000002, 0]], [[0.028876800000000008, 0.028876800000000008, 0, 0.179724288], [0.0530481152, 0.32848769843200004, 0.07188971520000001, 0.44931072], [0.132620288, 1.1232768, -1.820275712, 0]], [[0.07219200000000002, 0, 0, -1.9469518848], [0.179724288, 0, -1.9711232, -1.1712441139199998], [0.44931072, 0, 2.0718897152, 0]]]
Q [[[0, 0.07219200000000002, 0, 0.07188971520000001], [0, 0.179724288, 0.028876800000000008, 0.132620288], [0, 0.33155072, 0.07219200000000002, 0]], [[0.028876800000000008, 0.028876800000000008, 0, -0.8202757119999999], [0.0530481152, 0.32848769843200004, 0.07188971520000001, 0.44931072], [0.132620288, 1.1232768, -1.820275712, 0]], [[0.07219200000000002, 0, 0, -1.9469518848], [0.179724288, 0, -1.9711232, -1.1712441139199998], [0.44931072, 0, 2.0718897152, 0]]]
Q [[[0, 0.07219200000000002, 0, 0.07188971520000001], [0, 0.179724288, 0.028876800000000008, 0.132620288], [0, 0.33155072, 0.07219200000000002, 0]], [[0.028876800000000008, 0.028876800000000008, 0, -0.8202757119999999], [0.07188971520000001, 0.32848769843200004, 0.07188971520000001, 0.44931072], [0.132620288, 1.1232768, -1.820275712, 0]], [[0.07219200000000002, 0, 0, -1.9469518848], [0.179724288, 0, -1.9711232, -1.1712441139199998], [0.44931072, 0, 2.0718897152, 0]]]
Q [[[0, 0.07219200000000002, 0, 0.07188971520000001], [0, 0.179724288, 0.028876800000000008, 0.132620288], [0, 0.33155072, 0.07219200000000002, 0]], [[0.028876800000000008, 0.028876800000000008, 0, -0.8202757119999999], [0.07188971520000001, 0.32848769843200004, 0.07188971520000001, 0.44931072], [0.132620288, 1.1232768, -1.820275712, 0]], [[0.07219200000000002, 0, 0, -1.9469518848], [0.179724288, 0, -1.9711232, -1.1712441139199998], [0.44931072, 0, 2.0718897152, 0]]]
Q [[[0, 0.07219200000000002, 0, 0.07188971520000001], [0, 0.179724288, 0.028876800000000008, 0.132620288], [0, 0.44931072, 0.07219200000000002, 0]], [[0.028876800000000008, 0.028876800000000008, 0, -0.8202757119999999], [0.07188971520000001, 0.32848769843200004, 0.07188971520000001, 0.44931072], [0.132620288, 1.1232768, -1.820275712, 0]], [[0.07219200000000002, 0, 0, -1.9469518848], [0.179724288, 0, -1.9711232, -1.1712441139199998], [0.44931072, 0, 2.0718897152, 0]]]
Q [[[0, 0.07219200000000002, 0, 0.07188971520000001], [0, 0.179724288, 0.028876800000000008, 0.132620288], [0, 0.44931072, 0.07219200000000002, 0]], [[0.028876800000000008, 0.028876800000000008, 0, -0.8202757119999999], [0.07188971520000001, 0.32848769843200004, 0.07188971520000001, 0.44931072], [0.179724288, 1.1232768, -1.820275712, 0]], [[0.07219200000000002, 0, 0, -1.9469518848], [0.179724288, 0, -1.9711232, -1.1712441139199998], [0.44931072, 0, 2.0718897152, 0]]]
Q [[[0, 0.07219200000000002, 0, 0.07188971520000001], [0, 0.179724288, 0.028876800000000008, 0.132620288], [0, 0.44931072, 0.07219200000000002, 0]], [[0.028876800000000008, 0.028876800000000008, 0, -0.8202757119999999], [0.07188971520000001, 0.32848769843200004, 0.07188971520000001, 0.44931072], [0.179724288, 1.1232768, -1.820275712, 0]], [[0.07219200000000002, 0, 0, -1.9469518848], [0.179724288, 0, -1.9711232, -1.1712441139199998], [0.44931072, 0, 2.0718897152, 0]]]
Q [[[0, 0.07219200000000002, 0, 0.07188971520000001], [0, 0.179724288, 0.028876800000000008, 0.132620288], [0, 0.44931072, 0.07219200000000002, 0]], [[0.028876800000000008, 0.028876800000000008, 0, -0.8202757119999999], [0.07188971520000001, 0.32848769843200004, 0.07188971520000001, 0.44931072], [0.179724288, 0.8287558860800002, -1.820275712, 0]], [[0.07219200000000002, 0, 0, -1.9469518848], [0.179724288, 0, -1.9711232, -1.1712441139199998], [0.44931072, 0, 2.0718897152, 0]]]
Q [[[0, 0.07219200000000002, 0, 0.07188971520000001], [0, 0.179724288, 0.028876800000000008, 0.132620288], [0, 0.44931072, 0.07219200000000002, 0]], [[0.028876800000000008, 0.028876800000000008, 0, -0.8202757119999999], [0.07188971520000001, 0.32848769843200004, 0.07188971520000001, 0.44931072], [0.179724288, 0.8287558860800002, -1.820275712, 0]], [[0.07219200000000002, 0, 0, -1.9469518848], [0.179724288, 0, -1.9711232, -1.1712441139199998], [0.44931072, 0, 2.0718897152, 0]]]
qerror is 6.21578153212
reward is [[{0: None, 1: 0, 2: None, 3: 0}, {0: None, 1: 0, 2: 0, 3: 0}, {0: None, 1: 0, 2: 0, 3: None}], [{0: 0, 1: 0, 2: None, 3: -1}, {0: 0, 1: 0, 2: 0, 3: 0}, {0: 0, 1: 0, 2: -2, 3: None}], [{0: 0, 1: None, 2: None, 3: -2}, {0: 0, 1: None, 2: -2, 3: -2}, {0: 0, 1: None, 2: 2, 3: None}]]
Q [[[0, 0.07219200000000002, 0, 0.07188971520000001], [0, 0.179724288, 0.028876800000000008, 0.132620288], [0, 0.44931072, 0.07219200000000002, 0]], [[0.028876800000000008, 0.028876800000000008, 0, -0.8202757119999999], [0.07188971520000001, 0.32848769843200004, 0.07188971520000001, 0.44931072], [0.179724288, 0.8287558860800002, -1.820275712, 0]], [[0.07219200000000002, 0, 0, -1.9469518848], [0.179724288, 0, -1.9711232, -1.1712441139199998], [0.44931072, 0, 2.0718897152, 0]]]
Q [[[0, 0.07219200000000002, 0, 0.07188971520000001], [0, 0.179724288, 0.028876800000000008, 0.179724288], [0, 0.44931072, 0.07219200000000002, 0]], [[0.028876800000000008, 0.028876800000000008, 0, -0.8202757119999999], [0.07188971520000001, 0.32848769843200004, 0.07188971520000001, 0.44931072], [0.179724288, 0.8287558860800002, -1.820275712, 0]], [[0.07219200000000002, 0, 0, -1.9469518848], [0.179724288, 0, -1.9711232, -1.1712441139199998], [0.44931072, 0, 2.0718897152, 0]]]
Q [[[0, 0.07219200000000002, 0, 0.07188971520000001], [0, 0.179724288, 0.028876800000000008, 0.179724288], [0, 0.3315023544320001, 0.07219200000000002, 0]], [[0.028876800000000008, 0.028876800000000008, 0, -0.8202757119999999], [0.07188971520000001, 0.32848769843200004, 0.07188971520000001, 0.44931072], [0.179724288, 0.8287558860800002, -1.820275712, 0]], [[0.07219200000000002, 0, 0, -1.9469518848], [0.179724288, 0, -1.9711232, -1.1712441139199998], [0.44931072, 0, 2.0718897152, 0]]]
Q [[[0, 0.07219200000000002, 0, 0.07188971520000001], [0, 0.179724288, 0.028876800000000008, 0.179724288], [0, 0.3315023544320001, 0.07219200000000002, 0]], [[0.028876800000000008, 0.028876800000000008, 0, -0.8202757119999999], [0.07188971520000001, 0.32848769843200004, 0.07188971520000001, 0.44931072], [0.179724288, 0.8287558860800002, -1.820275712, 0]], [[0.07219200000000002, 0, 0, -1.9469518848], [0.179724288, 0, -1.9711232, -1.1712441139199998], [0.44931072, 0, 2.0718897152, 0]]]
Q [[[0, 0.07219200000000002, 0, 0.07188971520000001], [0, 0.179724288, 0.028876800000000008, 0.179724288], [0, 0.3315023544320001, 0.07219200000000002, 0]], [[0.028876800000000008, 0.028876800000000008, 0, -0.8202757119999999], [0.07188971520000001, 0.32848769843200004, 0.07188971520000001, 0.44931072], [0.179724288, 0.8287558860800002, -1.820275712, 0]], [[0.07219200000000002, 0, 0, -1.9469518848], [0.179724288, 0, -1.9711232, -1.1712441139199998], [0.3315023544320001, 0, 2.0718897152, 0]]]
Q [[[0, 0.07219200000000002, 0, 0.07188971520000001], [0, 0.179724288, 0.028876800000000008, 0.179724288], [0, 0.3315023544320001, 0.07219200000000002, 0]], [[0.028876800000000008, 0.028876800000000008, 0, -0.8202757119999999], [0.07188971520000001, 0.32848769843200004, 0.07188971520000001, 0.44931072], [0.179724288, 0.8287558860800002, 0.179724288, 0]], [[0.07219200000000002, 0, 0, -1.9469518848], [0.179724288, 0, -1.9711232, -1.1712441139199998], [0.3315023544320001, 0, 2.0718897152, 0]]]
Q [[[0, 0.07219200000000002, 0, 0.07188971520000001], [0, 0.179724288, 0.028876800000000008, 0.179724288], [0, 0.3315023544320001, 0.07219200000000002, 0]], [[0.028876800000000008, 0.028876800000000008, 0, -0.8202757119999999], [0.07188971520000001, 0.32848769843200004, 0.07188971520000001, 0.3315023544320001], [0.179724288, 0.8287558860800002, 0.179724288, 0]], [[0.07219200000000002, 0, 0, -1.9469518848], [0.179724288, 0, -1.9711232, -1.1712441139199998], [0.3315023544320001, 0, 2.0718897152, 0]]]
Q [[[0, 0.07219200000000002, 0, 0.07188971520000001], [0, 0.179724288, 0.028876800000000008, 0.179724288], [0, 0.3315023544320001, 0.07219200000000002, 0]], [[0.028876800000000008, 0.028876800000000008, 0, -0.8202757119999999], [0.07188971520000001, 0.32848769843200004, 0.07188971520000001, 0.3315023544320001], [0.179724288, 0.8287558860800002, 0.179724288, 0]], [[0.07219200000000002, 0, 0, -1.9469518848], [0.179724288, 0, -1.9711232, -1.1712441139199998], [0.3315023544320001, 0, 2.0718897152, 0]]]
Q [[[0, 0.07219200000000002, 0, 0.07188971520000001], [0, 0.179724288, 0.028876800000000008, 0.179724288], [0, 0.3315023544320001, 0.07219200000000002, 0]], [[0.028876800000000008, 0.028876800000000008, 0, -0.8202757119999999], [0.07188971520000001, 0.32848769843200004, 0.07188971520000001, 0.3315023544320001], [0.179724288, 0.8287558860800002, 0.179724288, 0]], [[0.07219200000000002, 0, 0, -1.9469518848], [0.179724288, 0, -1.9711232, -1.1712441139199998], [0.3315023544320001, 0, 1.0718897152, 0]]]
Q [[[0, 0.07219200000000002, 0, 0.07188971520000001], [0, 0.179724288, 0.028876800000000008, 0.179724288], [0, 0.3315023544320001, 0.07219200000000002, 0]], [[0.028876800000000008, 0.028876800000000008, 0, -0.8202757119999999], [0.07188971520000001, 0.32848769843200004, 0.07188971520000001, 0.3315023544320001], [0.179724288, 0.8287558860800002, 0.179724288, 0]], [[0.07219200000000002, 0, 0, -1.9469518848], [0.179724288, 0, 2.0288768, -1.1712441139199998], [0.3315023544320001, 0, 1.0718897152, 0]]]
Q [[[0, 0.07219200000000002, 0, 0.07188971520000001], [0, 0.179724288, 0.028876800000000008, 0.179724288], [0, 0.3315023544320001, 0.07219200000000002, 0]], [[0.028876800000000008, 0.028876800000000008, 0, -0.8202757119999999], [0.07188971520000001, 0.32848769843200004, 0.07188971520000001, 0.3315023544320001], [0.179724288, 0.8287558860800002, 0.179724288, 0]], [[0.011550720000000004, 0, 0, -1.9469518848], [0.179724288, 0, 2.0288768, -1.1712441139199998], [0.3315023544320001, 0, 1.0718897152, 0]]]
Q [[[0, 0.07219200000000002, 0, 0.07188971520000001], [0, 0.179724288, 0.028876800000000008, 0.179724288], [0, 0.3315023544320001, 0.07219200000000002, 0]], [[0.028876800000000008, 0.004620288000000002, 0, -0.8202757119999999], [0.07188971520000001, 0.32848769843200004, 0.07188971520000001, 0.3315023544320001], [0.179724288, 0.8287558860800002, 0.179724288, 0]], [[0.011550720000000004, 0, 0, -1.9469518848], [0.179724288, 0, 2.0288768, -1.1712441139199998], [0.3315023544320001, 0, 1.0718897152, 0]]]
Q [[[0, 0.07219200000000002, 0, 0.07188971520000001], [0, 0.179724288, 0.028876800000000008, 0.179724288], [0, 0.3315023544320001, 0.07219200000000002, 0]], [[0.028876800000000008, 0.004620288000000002, 0, -0.8202757119999999], [0.07188971520000001, 0.32848769843200004, 0.07188971520000001, 0.3315023544320001], [0.179724288, 0.8287558860800002, 0.179724288, 0]], [[0.011550720000000004, 0, 0, -1.9469518848], [0.179724288, 0, 2.0288768, -1.1712441139199998], [0.3315023544320001, 0, 1.0718897152, 0]]]
Q [[[0, 0.07219200000000002, 0, 0.07188971520000001], [0, 0.179724288, 0.028876800000000008, 0.179724288], [0, 0.3315023544320001, 0.07219200000000002, 0]], [[0.028876800000000008, 0.004620288000000002, 0, -0.8202757119999999], [0.07188971520000001, 0.32848769843200004, 0.07188971520000001, 0.3315023544320001], [0.179724288, 0.8287558860800002, 0.179724288, 0]], [[0.011550720000000004, 0, 0, -1.9469518848], [0.179724288, 0, 2.0288768, -1.1712441139199998], [0.3315023544320001, 0, 1.0718897152, 0]]]
Q [[[0, 0.07219200000000002, 0, 0.07188971520000001], [0, 0.179724288, 0.028876800000000008, 0.179724288], [0, 0.3315023544320001, 0.07219200000000002, 0]], [[0.028876800000000008, 0.004620288000000002, 0, -0.8202757119999999], [0.07188971520000001, 0.32848769843200004, 0.07188971520000001, 0.3315023544320001], [0.179724288, 0.8287558860800002, 0.179724288, 0]], [[0.011550720000000004, 0, 0, -1.9469518848], [0.179724288, 0, 2.0288768, -1.1712441139199998], [0.3315023544320001, 0, 1.0718897152, 0]]]
Q [[[0, 0.07219200000000002, 0, 0.07188971520000001], [0, 0.179724288, 0.028876800000000008, 0.179724288], [0, 0.3315023544320001, 0.07219200000000002, 0]], [[0.028876800000000008, 0.004620288000000002, 0, 0.13260094177280005], [0.07188971520000001, 0.32848769843200004, 0.07188971520000001, 0.3315023544320001], [0.179724288, 0.8287558860800002, 0.179724288, 0]], [[0.011550720000000004, 0, 0, -1.9469518848], [0.179724288, 0, 2.0288768, -1.1712441139199998], [0.3315023544320001, 0, 1.0718897152, 0]]]
Q [[[0, 0.07219200000000002, 0, 0.07188971520000001], [0, 0.179724288, 0.028876800000000008, 0.179724288], [0, 0.3315023544320001, 0.07219200000000002, 0]], [[0.028876800000000008, 0.004620288000000002, 0, 0.13260094177280005], [0.07188971520000001, 0.32848769843200004, 0.07188971520000001, 0.3315023544320001], [0.179724288, 0.8287558860800002, 0.179724288, 0]], [[0.011550720000000004, 0, 0, -1.9469518848], [0.179724288, 0, 2.0288768, -1.1712441139199998], [0.3315023544320001, 0, 1.0718897152, 0]]]
Q [[[0, 0.07219200000000002, 0, 0.07188971520000001], [0, 0.179724288, 0.028876800000000008, 0.179724288], [0, 0.3315023544320001, 0.07219200000000002, 0]], [[0.028876800000000008, 0.004620288000000002, 0, 0.13260094177280005], [0.07188971520000001, 0.32848769843200004, 0.07188971520000001, 0.3315023544320001], [0.179724288, 0.8287558860800002, 0.179724288, 0]], [[0.011550720000000004, 0, 0, -1.9469518848], [0.179724288, 0, 2.0288768, -1.1712441139199998], [0.3315023544320001, 0, 1.0718897152, 0]]]
Q [[[0, 0.07219200000000002, 0, 0.07188971520000001], [0, 0.179724288, 0.028876800000000008, 0.179724288], [0, 0.3315023544320001, 0.07219200000000002, 0]], [[0.028876800000000008, 0.004620288000000002, 0, 0.13260094177280005], [0.07188971520000001, 0.32848769843200004, 0.07188971520000001, 0.3315023544320001], [0.179724288, 0.8287558860800002, 0.179724288, 0]], [[0.011550720000000004, 0, 0, -1.9469518848], [0.179724288, 0, 2.0288768, -1.1712441139199998], [0.3315023544320001, 0, 1.0718897152, 0]]]
Q [[[0, 0.07219200000000002, 0, 0.07188971520000001], [0, 0.13260094177280005, 0.028876800000000008, 0.179724288], [0, 0.3315023544320001, 0.07219200000000002, 0]], [[0.028876800000000008, 0.004620288000000002, 0, 0.13260094177280005], [0.07188971520000001, 0.32848769843200004, 0.07188971520000001, 0.3315023544320001], [0.179724288, 0.8287558860800002, 0.179724288, 0]], [[0.011550720000000004, 0, 0, -1.9469518848], [0.179724288, 0, 2.0288768, -1.1712441139199998], [0.3315023544320001, 0, 1.0718897152, 0]]]
qerror is 21.9583154901
reward is [[{0: None, 1: 0, 2: None, 3: 0}, {0: None, 1: 0, 2: 0, 3: 0}, {0: None, 1: 0, 2: 0, 3: None}], [{0: 0, 1: 0, 2: None, 3: 0}, {0: 0, 1: 0, 2: 0, 3: 0}, {0: 0, 1: 0, 2: 0, 3: None}], [{0: 0, 1: None, 2: None, 3: -2}, {0: 0, 1: None, 2: 2, 3: -2}, {0: 0, 1: None, 2: 1, 3: None}]]
Q [[[0, 0.07219200000000002, 0, 0.07188971520000001], [0, 0.13260094177280005, 0.028876800000000008, 0.179724288], [0, 0.3315023544320001, 0.07219200000000002, 0]], [[0.028876800000000008, 0.004620288000000002, 0, 0.13260094177280005], [0.07188971520000001, 0.32848769843200004, 0.07188971520000001, 0.3315023544320001], [0.179724288, 0.8287558860800002, 0.179724288, 0]], [[0.011550720000000004, 0, 0, -1.9469518848], [0.179724288, 0, 2.004620288, -1.1712441139199998], [0.3315023544320001, 0, 1.0718897152, 0]]]
Q [[[0, 0.07219200000000002, 0, 0.07188971520000001], [0, 0.13260094177280005, 0.028876800000000008, 0.179724288], [0, 0.3315023544320001, 0.07219200000000002, 0]], [[0.028876800000000008, 0.004620288000000002, 0, 0.13260094177280005], [0.07188971520000001, 0.32848769843200004, 0.07188971520000001, 0.3315023544320001], [0.179724288, 0.8287558860800002, 0.179724288, 0]], [[0.05304037670912002, 0, 0, -1.9469518848], [0.179724288, 0, 2.004620288, -1.1712441139199998], [0.3315023544320001, 0, 1.0718897152, 0]]]
Q [[[0, 0.07219200000000002, 0, 0.07188971520000001], [0, 0.13260094177280005, 0.028876800000000008, 0.179724288], [0, 0.3315023544320001, 0.07219200000000002, 0]], [[0.028876800000000008, 0.004620288000000002, 0, 0.13260094177280005], [0.07188971520000001, 0.32848769843200004, 0.07188971520000001, 0.3315023544320001], [0.179724288, 0.8287558860800002, 0.179724288, 0]], [[0.05304037670912002, 0, 0, -1.9469518848], [0.179724288, 0, 2.004620288, -1.1712441139199998], [0.3315023544320001, 0, 1.0718897152, 0]]]
Q [[[0, 0.07219200000000002, 0, 0.07188971520000001], [0, 0.13260094177280005, 0.028876800000000008, 0.179724288], [0, 0.3315023544320001, 0.07219200000000002, 0]], [[0.028876800000000008, 0.004620288000000002, 0, 0.13260094177280005], [0.07188971520000001, 0.32848769843200004, 0.07188971520000001, 0.3315023544320001], [0.179724288, 0.8287558860800002, 0.179724288, 0]], [[0.05304037670912002, 0, 0, -1.9469518848], [0.179724288, 0, 2.004620288, -1.1712441139199998], [0.3315023544320001, 0, 1.0718897152, 0]]]
Q [[[0, 0.07219200000000002, 0, 0.07188971520000001], [0, 0.13260094177280005, 0.028876800000000008, 0.13260094177280005], [0, 0.3315023544320001, 0.07219200000000002, 0]], [[0.028876800000000008, 0.004620288000000002, 0, 0.13260094177280005], [0.07188971520000001, 0.32848769843200004, 0.07188971520000001, 0.3315023544320001], [0.179724288, 0.8287558860800002, 0.179724288, 0]], [[0.05304037670912002, 0, 0, -1.9469518848], [0.179724288, 0, 2.004620288, -1.1712441139199998], [0.3315023544320001, 0, 1.0718897152, 0]]]
Q [[[0, 0.07219200000000002, 0, 0.07188971520000001], [0, 0.13260094177280005, 0.028876800000000008, 0.13260094177280005], [0, 0.3315023544320001, 0.07219200000000002, 0]], [[0.028876800000000008, 0.004620288000000002, 0, 0.13260094177280005], [0.07188971520000001, 0.32848769843200004, 0.07188971520000001, 0.3315023544320001], [0.179724288, 0.8287558860800002, 0.179724288, 0]], [[0.05304037670912002, 0, 0, -1.9469518848], [0.179724288, 0, 2.004620288, -1.1712441139199998], [0.3315023544320001, 0, 1.0718897152, 0]]]
Q [[[0, 0.07219200000000002, 0, 0.07188971520000001], [0, 0.13260094177280005, 0.028876800000000008, 0.13260094177280005], [0, 0.3315023544320001, 0.07219200000000002, 0]], [[0.028876800000000008, 0.004620288000000002, 0, 0.13260094177280005], [0.07188971520000001, 0.32848769843200004, 0.07188971520000001, 0.3315023544320001], [0.179724288, 0.42875588608000004, 0.179724288, 0]], [[0.05304037670912002, 0, 0, -1.9469518848], [0.179724288, 0, 2.004620288, -1.1712441139199998], [0.3315023544320001, 0, 1.0718897152, 0]]]
Q [[[0, 0.07219200000000002, 0, 0.07188971520000001], [0, 0.13260094177280005, 0.028876800000000008, 0.13260094177280005], [0, 0.3315023544320001, 0.07219200000000002, 0]], [[0.028876800000000008, 0.004620288000000002, 0, 0.13260094177280005], [0.07188971520000001, 0.32848769843200004, 0.07188971520000001, 0.3315023544320001], [0.179724288, 0.42875588608000004, 0.179724288, 0]], [[0.05304037670912002, 0, 0, -1.9469518848], [0.179724288, 0, 2.004620288, -1.1712441139199998], [0.17150235443200001, 0, 1.0718897152, 0]]]
Q [[[0, 0.07219200000000002, 0, 0.07188971520000001], [0, 0.13260094177280005, 0.028876800000000008, 0.13260094177280005], [0, 0.3315023544320001, 0.07219200000000002, 0]], [[0.028876800000000008, 0.004620288000000002, 0, 0.13260094177280005], [0.07188971520000001, 0.32848769843200004, 0.07188971520000001, 0.3315023544320001], [0.179724288, 0.42875588608000004, 0.179724288, 0]], [[0.05304037670912002, 0, 0, -1.9469518848], [0.179724288, 0, 2.004620288, -1.1712441139199998], [0.17150235443200001, 0, 1.0718897152, 0]]]
Q [[[0, 0.07219200000000002, 0, 0.07188971520000001], [0, 0.13260094177280005, 0.028876800000000008, 0.13260094177280005], [0, 0.3315023544320001, 0.07219200000000002, 0]], [[0.028876800000000008, 0.004620288000000002, 0, 0.13260094177280005], [0.07188971520000001, 0.32848769843200004, 0.07188971520000001, 0.3315023544320001], [0.179724288, 0.42875588608000004, 0.179724288, 0]], [[0.05304037670912002, 0, 0, -1.9469518848], [0.179724288, 0, 2.004620288, -1.1712441139199998], [0.17150235443200001, 0, 1.0718897152, 0]]]
Q [[[0, 0.07219200000000002, 0, 0.07188971520000001], [0, 0.13260094177280005, 0.028876800000000008, 0.13260094177280005], [0, 0.3315023544320001, 0.07219200000000002, 0]], [[0.028876800000000008, 0.004620288000000002, 0, 0.13260094177280005], [0.07188971520000001, 0.32848769843200004, 0.07188971520000001, 0.3315023544320001], [0.179724288, 0.42875588608000004, 0.13260094177280005, 0]], [[0.05304037670912002, 0, 0, -1.9469518848], [0.179724288, 0, 2.004620288, -1.1712441139199998], [0.17150235443200001, 0, 1.0718897152, 0]]]
Q [[[0, 0.07219200000000002, 0, 0.07188971520000001], [0, 0.13260094177280005, 0.028876800000000008, 0.13260094177280005], [0, 0.3315023544320001, 0.07219200000000002, 0]], [[0.028876800000000008, 0.004620288000000002, 0, 0.13260094177280005], [0.05304037670912002, 0.32848769843200004, 0.07188971520000001, 0.3315023544320001], [0.179724288, 0.42875588608000004, 0.13260094177280005, 0]], [[0.05304037670912002, 0, 0, -1.9469518848], [0.179724288, 0, 2.004620288, -1.1712441139199998], [0.17150235443200001, 0, 1.0718897152, 0]]]
Q [[[0, 0.07219200000000002, 0, 0.07188971520000001], [0, 0.13260094177280005, 0.028876800000000008, 0.13260094177280005], [0, 0.3315023544320001, 0.07219200000000002, 0]], [[0.028876800000000008, 0.004620288000000002, 0, 0.13260094177280005], [0.05304037670912002, 0.32848769843200004, 0.07188971520000001, 0.3315023544320001], [0.179724288, 0.42875588608000004, 0.13260094177280005, 0]], [[0.05304037670912002, 0, 0, -1.9469518848], [0.179724288, 0, 2.004620288, -1.1712441139199998], [0.17150235443200001, 0, 1.0718897152, 0]]]
Q [[[0, 0.07219200000000002, 0, 0.07188971520000001], [0, 0.13260094177280005, 0.028876800000000008, 0.13260094177280005], [0, 0.17150235443200001, 0.07219200000000002, 0]], [[0.028876800000000008, 0.004620288000000002, 0, 0.13260094177280005], [0.05304037670912002, 0.32848769843200004, 0.07188971520000001, 0.3315023544320001], [0.179724288, 0.42875588608000004, 0.13260094177280005, 0]], [[0.05304037670912002, 0, 0, -1.9469518848], [0.179724288, 0, 2.004620288, -1.1712441139199998], [0.17150235443200001, 0, 1.0718897152, 0]]]
Q [[[0, 0.07219200000000002, 0, 0.07188971520000001], [0, 0.13260094177280005, 0.028876800000000008, 0.13260094177280005], [0, 0.17150235443200001, 0.07219200000000002, 0]], [[0.028876800000000008, 0.004620288000000002, 0, 0.13260094177280005], [0.05304037670912002, 0.32848769843200004, 0.07188971520000001, 0.3315023544320001], [0.179724288, 0.42875588608000004, -0.8673990582272, 0]], [[0.05304037670912002, 0, 0, -1.9469518848], [0.179724288, 0, 2.004620288, -1.1712441139199998], [0.17150235443200001, 0, 1.0718897152, 0]]]
Q [[[0, 0.07219200000000002, 0, 0.07188971520000001], [0, 0.13260094177280005, 0.028876800000000008, 0.13260094177280005], [0, 0.17150235443200001, 0.07219200000000002, 0]], [[0.028876800000000008, 0.004620288000000002, 0, 0.13260094177280005], [0.05304037670912002, 0.32848769843200004, 0.07188971520000001, 0.3315023544320001], [0.179724288, 0.42875588608000004, -0.8673990582272, 0]], [[0.05304037670912002, 0, 0, -1.9469518848], [0.179724288, 0, 2.004620288, -1.1712441139199998], [0.17150235443200001, 0, 1.0718897152, 0]]]
Q [[[0, 0.07219200000000002, 0, 0.07188971520000001], [0, 0.13260094177280005, 0.028876800000000008, -0.9313990582272], [0, 0.17150235443200001, 0.07219200000000002, 0]], [[0.028876800000000008, 0.004620288000000002, 0, 0.13260094177280005], [0.05304037670912002, 0.32848769843200004, 0.07188971520000001, 0.3315023544320001], [0.179724288, 0.42875588608000004, -0.8673990582272, 0]], [[0.05304037670912002, 0, 0, -1.9469518848], [0.179724288, 0, 2.004620288, -1.1712441139199998], [0.17150235443200001, 0, 1.0718897152, 0]]]
Q [[[0, 0.07219200000000002, 0, 0.07188971520000001], [0, 0.13260094177280005, 0.028876800000000008, -0.9313990582272], [0, 0.17150235443200001, 0.05304037670912002, 0]], [[0.028876800000000008, 0.004620288000000002, 0, 0.13260094177280005], [0.05304037670912002, 0.32848769843200004, 0.07188971520000001, 0.3315023544320001], [0.179724288, 0.42875588608000004, -0.8673990582272, 0]], [[0.05304037670912002, 0, 0, -1.9469518848], [0.179724288, 0, 2.004620288, -1.1712441139199998], [0.17150235443200001, 0, 1.0718897152, 0]]]
Q [[[0, 0.07219200000000002, 0, 0.07188971520000001], [0, 0.13260094177280005, 0.028876800000000008, 0.0686009417728], [0, 0.17150235443200001, 0.05304037670912002, 0]], [[0.028876800000000008, 0.004620288000000002, 0, 0.13260094177280005], [0.05304037670912002, 0.32848769843200004, 0.07188971520000001, 0.3315023544320001], [0.179724288, 0.42875588608000004, -0.8673990582272, 0]], [[0.05304037670912002, 0, 0, -1.9469518848], [0.179724288, 0, 2.004620288, -1.1712441139199998], [0.17150235443200001, 0, 1.0718897152, 0]]]
Q [[[0, 0.07219200000000002, 0, 0.07188971520000001], [0, 0.13260094177280005, 0.028876800000000008, 0.0686009417728], [0, 0.17150235443200001, 0.05304037670912002, 0]], [[0.028876800000000008, 0.004620288000000002, 0, 0.13260094177280005], [0.05304037670912002, 0.32848769843200004, 0.07188971520000001, 0.3315023544320001], [0.179724288, 0.42875588608000004, -0.8673990582272, 0]], [[0.05304037670912002, 0, 0, -1.9469518848], [0.179724288, 0, 2.004620288, -1.1712441139199998], [0.17150235443200001, 0, 1.0718897152, 0]]]
qerror is 1.32304755252
reward is [[{0: None, 1: 0, 2: None, 3: 0}, {0: None, 1: 0, 2: 0, 3: 0}, {0: None, 1: 0, 2: 0, 3: None}], [{0: 0, 1: 0, 2: None, 3: 0}, {0: 0, 1: 0, 2: 0, 3: 0}, {0: 0, 1: 0, 2: -1, 3: None}], [{0: 0, 1: None, 2: None, 3: -2}, {0: 0, 1: None, 2: 2, 3: -2}, {0: 0, 1: None, 2: 1, 3: None}]]
[[[0, 0.07219200000000002, 0, 0.07188971520000001], [0, 0.13260094177280005, 0.028876800000000008, 0.0686009417728], [0, 0.17150235443200001, 0.05304037670912002, 0]], [[0.028876800000000008, 0.004620288000000002, 0, 0.13260094177280005], [0.05304037670912002, 0.32848769843200004, 0.07188971520000001, 0.3315023544320001], [0.179724288, 0.42875588608000004, -0.8673990582272, 0]], [[0.05304037670912002, 0, 0, -1.9469518848], [0.179724288, 0, 2.004620288, -1.1712441139199998], [0.17150235443200001, 0, 1.0718897152, 0]]]


[[1, 1, 1], [3, 3, 1], [0, 2, 2]]


10
